1.000000000 0.000000000 0.000000000 0.000000000 0.000000000 1.000000000 0.000000000 0.000000000 0.000000000 0.000000000 1.000000000 0.000000000
0.999999702 0.000760536 -0.000150367 -0.000036902 -0.000760513 0.999999702 0.000156918 -0.000067156 0.000150486 -0.000156804 1.000000000 -0.000098062
1.000000000 0.000133252 -0.000101547 0.000092947 -0.000133231 0.999999940 0.000208381 -0.000504997 0.000101574 -0.000208368 1.000000000 0.000014415
0.999994218 0.003341220 -0.000583905 -0.000240789 -0.003342500 0.999992013 -0.002204060 -0.000179190 0.000576536 0.002205999 0.999997377 -0.000119383
0.999995291 0.002973260 -0.000748876 -0.000115120 -0.002974925 0.999993086 -0.002232331 -0.000091951 0.000742234 0.002234548 0.999997199 -0.000114864
0.999997139 0.002206981 -0.000950359 0.000130484 -0.002209133 0.999994993 -0.002268713 -0.000174703 0.000945347 0.002270806 0.999996960 -0.000097216
0.999996722 0.002462053 -0.000660965 -0.000015523 -0.002463767 0.999993563 -0.002604136 -0.000030544 0.000654549 0.002605756 0.999996364 -0.000268781
0.999996126 0.002691768 -0.000722117 -0.000035947 -0.002693671 0.999992847 -0.002646981 -0.000007021 0.000714987 0.002648916 0.999996245 -0.000182672
0.999994695 0.003240902 -0.000405042 -0.000171555 -0.003241830 0.999992073 -0.002311775 -0.000013937 0.000397547 0.002313076 0.999997258 -0.000045544
0.999995053 0.003096248 -0.000546493 -0.000104571 -0.003097701 0.999991596 -0.002678736 -0.000180002 0.000538195 0.002680416 0.999996245 -0.000490016
0.999996066 0.002684280 -0.000807537 -0.000026530 -0.002686529 0.999992490 -0.002796321 0.000081895 0.000800025 0.002798480 0.999995768 -0.000084048
0.999995589 0.002944706 -0.000333710 -0.000401210 -0.002945533 0.999992549 -0.002504373 -0.000031015 0.000326333 0.002505344 0.999996781 -0.000224856
0.999995649 0.002905435 -0.000547388 -0.000121774 -0.002906731 0.999992967 -0.002381331 -0.000151795 0.000540466 0.002382912 0.999997020 -0.000143094
0.999990880 0.004201942 -0.000723304 -0.000322188 -0.004203728 0.999988079 -0.002486066 -0.000062747 0.000712849 0.002489085 0.999996662 -0.000184402
0.999991655 0.003946957 -0.001066430 -0.000106366 -0.003949233 0.999989927 -0.002141167 0.000093626 0.001057968 0.002145361 0.999997139 -0.000783100
0.999991179 0.004195266 0.000147117 -0.000659030 -0.004194832 0.999987185 -0.002837688 0.002097036 -0.000159020 0.002837046 0.999995947 0.000106809
0.999991298 0.004165077 -0.000061194 -0.000575393 -0.004165261 0.999985576 -0.003395073 0.004599509 0.000047052 0.003395298 0.999994218 0.000390424
0.999994755 0.003223871 -0.000256741 -0.000393718 -0.003225017 0.999984205 -0.004596861 0.006335906 0.000241917 0.004597665 0.999989390 0.001056288
0.999998569 -0.000432292 -0.001647363 0.000554605 0.000420117 0.999972641 -0.007384127 0.013302258 0.001650510 0.007383424 0.999971390 0.004622357
0.999998331 -0.000766132 -0.001666444 0.000846702 0.000754459 0.999975264 -0.006993891 0.016757857 0.001671761 0.006992622 0.999974132 0.008338082
0.999998987 0.001397458 -0.000228598 -0.000494680 -0.001400506 0.999902070 -0.013923097 0.026143223 0.000209119 0.013923404 0.999903023 0.013846365
0.999975562 -0.003496628 -0.006051664 0.002293412 0.003400684 0.999869525 -0.015792390 0.035521988 0.006106095 0.015771424 0.999856949 0.027903961
0.999960661 -0.005317280 -0.007100491 0.002408925 0.005210289 0.999873877 -0.015002514 0.038528997 0.007179368 0.014964928 0.999862254 0.036797281
0.999988139 -0.001891101 -0.004494651 0.001260309 0.001792227 0.999758542 -0.021901352 0.040811967 0.004534983 0.021893037 0.999750018 0.043196477
0.999997199 -0.001814535 0.001510611 -0.000590797 0.001849757 0.999718547 -0.023651341 0.039970905 -0.001467270 0.023654068 0.999719143 0.053887848
0.999999702 -0.000292932 -0.000733282 0.001023992 0.000277255 0.999773324 -0.021288892 0.032262493 0.000739352 0.021288684 0.999773085 0.056416303
0.999998391 0.000362626 -0.001753378 0.000920090 -0.000401625 0.999751389 -0.022292860 0.029898994 0.001744858 0.022293529 0.999749959 0.065595262
0.999993980 -0.000148165 -0.003469509 0.001244879 0.000077463 0.999792516 -0.020369370 0.027388880 0.003471807 0.020368977 0.999786496 0.064598963
0.999991000 0.001060935 -0.004108534 0.002456696 -0.001130746 0.999854386 -0.017026763 0.028734375 0.004089872 0.017031254 0.999846578 0.060854860
0.999963701 0.003326248 -0.007847455 0.027457334 -0.003361425 0.999984324 -0.004473682 0.002498494 0.007832452 0.004499898 0.999959230 0.022667142
0.999956369 0.004482934 -0.008192713 0.034130428 -0.004471335 0.999988973 0.001433568 -0.011246366 0.008199049 -0.001396873 0.999965429 0.024608927
0.999977827 -0.000039729 -0.006655979 0.026159812 0.000037474 0.999999940 -0.000339050 0.000695780 0.006655992 0.000338793 0.999977767 0.025927093
0.999987781 0.001264051 -0.004773361 0.019946996 -0.001254111 0.999997020 0.002084874 -0.007792375 0.004775982 -0.002078863 0.999986410 0.022682332
0.999992013 0.002290184 -0.003270874 0.014622612 -0.002285573 0.999996364 0.001412818 -0.005684091 0.003274098 -0.001405331 0.999993682 0.019421954
0.999994099 0.000180107 -0.003426202 0.013987593 -0.000178381 0.999999881 0.000504071 -0.003147031 0.003426292 -0.000503457 0.999993980 0.024955925
0.999994516 -0.000101012 -0.003308831 0.013433482 0.000105567 0.999999046 0.001376521 -0.005402876 0.003308689 -0.001376862 0.999993563 0.021437677
0.999995053 0.000774437 -0.003038997 0.012188613 -0.000768278 0.999997675 0.002027389 -0.006568131 0.003040560 -0.002025044 0.999993324 0.023167919
0.999995053 0.000432315 -0.003107051 0.011200279 -0.000423101 0.999995530 0.002965650 -0.010586713 0.003108319 -0.002964321 0.999990761 0.015215168
0.999992430 -0.000611955 -0.003843398 0.013364478 0.000619474 0.999997914 0.001955416 -0.005742488 0.003842194 -0.001957782 0.999990702 0.022826029
0.999992549 -0.000774181 -0.003779989 0.013581722 0.000777562 0.999999285 0.000893087 -0.005087628 0.003779294 -0.000896020 0.999992430 0.022175286
0.999995768 -0.000598865 -0.002842975 0.014656207 0.000602888 0.999998808 0.001414249 -0.001546117 0.002842125 -0.001415957 0.999994934 0.028813967
0.999993563 -0.001174814 -0.003382134 0.012401911 0.001178416 0.999998748 0.001063115 -0.003906814 0.003380881 -0.001067094 0.999993742 0.017699886
0.999989092 0.001896147 -0.004266202 0.018176740 -0.001881671 0.999992490 0.003394736 -0.011740616 0.004272607 -0.003386672 0.999985158 0.017906578
0.999987602 0.002307222 -0.004416364 0.016837731 -0.002305891 0.999997318 0.000306476 -0.006342510 0.004417059 -0.000296288 0.999990225 0.025769828
0.999982178 0.002493965 -0.005421402 0.015899949 -0.002497296 0.999996722 -0.000607806 -0.009392653 0.005419869 0.000621334 0.999985099 0.024478501
0.999982297 0.002794225 -0.005256393 0.015568185 -0.002796379 0.999996006 -0.000402601 -0.012267958 0.005255247 0.000417292 0.999986112 0.023186116
0.999983251 0.002776280 -0.005080564 0.015470815 -0.002775158 0.999996126 0.000227900 -0.012998718 0.005081178 -0.000213797 0.999987066 0.022913327
0.999983490 0.002090687 -0.005358077 0.015423983 -0.002104002 0.999994695 -0.002480639 -0.002768653 0.005352862 0.002491871 0.999982595 0.023679728
0.999980450 0.002428005 -0.005766104 0.016437247 -0.002439039 0.999995232 -0.001907364 -0.003357917 0.005761445 0.001921391 0.999981582 0.021781826
0.999983966 0.001368420 -0.005497582 0.016296098 -0.001386351 0.999993742 -0.003259194 -0.000804025 0.005493088 0.003266763 0.999979556 0.024728088
0.999979675 0.001585597 -0.006177121 0.018077565 -0.001601123 0.999995589 -0.002509279 -0.002827022 0.006173115 0.002519119 0.999977767 0.020695390
0.999980807 0.001366942 -0.006043471 0.017580042 -0.001386068 0.999994040 -0.003161717 -0.001632160 0.006039114 0.003170033 0.999976754 0.022834184
0.999978006 0.003033285 -0.005899656 0.017004905 -0.003047823 0.999992311 -0.002456811 -0.002242186 0.005892158 0.002474738 0.999979556 0.021249611
0.999977767 0.003201632 -0.005847102 0.017615570 -0.003227738 0.999984860 -0.004460840 0.003501999 0.005832732 0.004479614 0.999972939 0.026153069
0.999984384 0.001982903 -0.005224697 0.016139351 -0.001995099 0.999995291 -0.002330040 -0.002528452 0.005220052 0.002340427 0.999983609 0.022011768
0.999982476 0.002857401 -0.005183853 0.015479999 -0.002870241 0.999992847 -0.002471124 -0.002943301 0.005176754 0.002485959 0.999983490 0.021742998
0.999984026 0.002192497 -0.005206902 0.015911050 -0.002205351 0.999994516 -0.002464102 -0.001186473 0.005201471 0.002475546 0.999983430 0.024722084
0.999979079 0.001210809 -0.006353458 0.017654896 -0.001234753 0.999992132 -0.003766084 0.001359975 0.006348848 0.003773851 0.999972701 0.025912594
0.999983132 0.002641537 -0.005176509 0.015882527 -0.002653057 0.999994040 -0.002219802 -0.001151595 0.005170614 0.002233498 0.999984145 0.024139024
0.999980271 0.001704229 -0.006045294 0.016048610 -0.001717470 0.999996126 -0.002185703 -0.001798810 0.006041545 0.002196042 0.999979317 0.023633484
0.999978662 0.002591804 -0.006001524 0.016195312 -0.002603861 0.999994636 -0.002002033 -0.001831978 0.005996303 0.002017617 0.999979973 0.023721386
0.999980867 0.003144321 -0.005326891 0.015355580 -0.003160042 0.999990642 -0.002945475 -0.001638957 0.005317580 0.002962252 0.999981463 0.023524389
0.999978006 0.003557413 -0.005594190 0.015889183 -0.003569948 0.999991119 -0.002232447 -0.001846619 0.005586199 0.002252369 0.999981880 0.023147529
0.999977350 0.001853796 -0.006474089 0.018043483 -0.001876074 0.999992311 -0.003436710 0.000878500 0.006467669 0.003448777 0.999973118 0.025855921
0.999978840 0.002454434 -0.006029354 0.015978729 -0.002471742 0.999992847 -0.002864709 -0.000079371 0.006022280 0.002879551 0.999977708 0.027185583
0.999977648 0.003906827 -0.005426908 0.015818505 -0.003919984 0.999989390 -0.002415789 -0.001645741 0.005417413 0.002437008 0.999982357 0.023991667
0.999974847 0.004084905 -0.005794387 0.016829457 -0.004102267 0.999987125 -0.002987536 -0.000022589 0.005782108 0.003011231 0.999978721 0.024766175
0.999978662 0.001556907 -0.006344678 0.016321614 -0.001570079 0.999996603 -0.002071627 -0.001877179 0.006341431 0.002081545 0.999977708 0.023801425
0.999980450 0.001462560 -0.006076994 0.017131556 -0.001476876 0.999996126 -0.002351894 -0.001707804 0.006073531 0.002360823 0.999978781 0.022714436
0.999977410 0.003929232 -0.005455691 0.015988542 -0.003945753 0.999987662 -0.003020694 0.000491020 0.005443755 0.003042152 0.999980569 0.027570799
0.999977529 0.003879856 -0.005472000 0.015661346 -0.003896651 0.999987721 -0.003061918 -0.001112269 0.005460053 0.003083172 0.999980330 0.024978219
0.999977291 0.002215367 -0.006364613 0.016202686 -0.002229267 0.999995172 -0.002177669 -0.002005635 0.006359757 0.002191808 0.999977350 0.023619035
0.999979734 0.002731240 -0.005748225 0.016372483 -0.002746337 0.999992788 -0.002620125 -0.000832354 0.005741027 0.002635858 0.999980032 0.025021357
0.999979913 0.003460433 -0.005313987 0.017571159 -0.003479039 0.999987841 -0.003496022 0.000392962 0.005301825 0.003514439 0.999979794 0.024381002
0.999975502 0.004882744 -0.005011396 0.017835660 -0.004903324 0.999979556 -0.004102725 0.001071996 0.004991261 0.004127197 0.999979019 0.023015942
0.999978423 0.004021165 -0.005198611 0.018572392 -0.004046589 0.999979854 -0.004889160 0.003721608 0.005178846 0.004910091 0.999974549 0.021846449
0.999984384 0.003291902 -0.004512256 0.016619373 -0.003302343 0.999991894 -0.002308543 -0.003500413 0.004504620 0.002323407 0.999987125 0.020999493
0.999980330 0.004042978 -0.004796122 0.017480569 -0.004053906 0.999989212 -0.002270956 -0.004561651 0.004786889 0.002290355 0.999985933 0.019253017
0.999950290 0.002079127 -0.009749698 0.027385214 -0.002198580 0.999922454 -0.012257248 0.001535085 0.009723458 0.012278075 0.999877334 0.023447758
0.999945283 0.002312360 -0.010201950 0.027832005 -0.002384843 0.999971986 -0.007098388 0.009023963 0.010185250 0.007122329 0.999922752 0.038232729
0.999952137 0.002007946 -0.009578579 0.028825734 -0.002030728 0.999995112 -0.002369245 0.004149019 0.009573774 0.002388583 0.999951303 0.045489032
0.999947011 0.003085695 -0.009822511 0.033783939 -0.003157632 0.999968231 -0.007316669 0.018555660 0.009799622 0.007347296 0.999925017 0.071685567
0.999957681 0.001067686 -0.009139931 0.030525286 -0.001167769 0.999939322 -0.010951772 0.035382103 0.009127683 0.010961981 0.999898255 0.110247307
0.999946654 0.000450097 -0.010321888 0.036156308 -0.000581843 0.999918342 -0.012764342 0.047221608 0.010315300 0.012769667 0.999865234 0.131529391
0.999954700 0.005302794 -0.007907670 0.035684042 -0.005408702 0.999895155 -0.013432419 0.059083927 0.007835612 0.013474580 0.999878526 0.146588683
0.999972641 0.001662272 -0.007210389 0.025875766 -0.001765745 0.999895215 -0.014368004 0.061809439 0.007185750 0.014380342 0.999870777 0.166797683
0.999980152 0.000866712 -0.006238384 0.024946444 -0.000957487 0.999893486 -0.014562820 0.067444630 0.006225098 0.014568505 0.999874473 0.177545175
0.999959588 0.002534960 -0.008622372 0.037291925 -0.002639130 0.999923408 -0.012091405 0.084566727 0.008591061 0.012113672 0.999889731 0.231908545
0.999973357 0.000869964 -0.007245001 0.031163333 -0.000958286 0.999925137 -0.012196110 0.091864862 0.007233849 0.012202728 0.999899387 0.256054521
0.999969423 0.003100554 -0.007181425 0.032543134 -0.003200119 0.999898374 -0.013894526 0.097731523 0.007137614 0.013917083 0.999877691 0.265159130
0.999983370 0.002105619 -0.005368100 0.028620025 -0.002161027 0.999944210 -0.010336822 0.109378882 0.005346036 0.010348250 0.999932170 0.300104499
0.999984562 0.002034996 -0.005176160 0.029572001 -0.002080221 0.999959588 -0.008746887 0.115585543 0.005158151 0.008757519 0.999948323 0.318040222
0.999985695 0.001061946 -0.005240369 0.031642668 -0.001104110 0.999966979 -0.008049666 0.126991346 0.005231647 0.008055337 0.999953866 0.347530782
0.999979973 0.002613515 -0.005761891 0.036138128 -0.002661943 0.999961078 -0.008413334 0.140216962 0.005739679 0.008428504 0.999948025 0.372227788
0.999970019 0.004364458 -0.006395048 0.040451165 -0.004415536 0.999958277 -0.007994766 0.147075221 0.006359888 0.008022765 0.999947608 0.381380767
0.999955714 0.005907563 -0.007326606 0.045384958 -0.005960452 0.999956191 -0.007217992 0.156380728 0.007283644 0.007261342 0.999947131 0.416401088
0.999989450 0.003669101 -0.002758707 0.023924071 -0.003692201 0.999957800 -0.008415556 0.166177452 0.002727713 0.008425652 0.999960780 0.451254457
0.999985814 0.003828591 -0.003700245 0.032007389 -0.003858308 0.999960065 -0.008057574 0.168440938 0.003669248 0.008071736 0.999960721 0.461900592
0.999983609 0.004597348 -0.003415000 0.031953447 -0.004630540 0.999941468 -0.009776015 0.173095152 0.003369857 0.009791668 0.999946356 0.473015457
0.999973536 0.005599702 -0.004647496 0.043461256 -0.005657584 0.999905407 -0.012536214 0.184249565 0.004576858 0.012562175 0.999910593 0.487288296
0.999975502 0.006260420 -0.003124482 0.033195447 -0.006300415 0.999896169 -0.012959031 0.180199102 0.003043028 0.012978400 0.999911129 0.490983278
0.999973834 0.006288608 -0.003579542 0.034333508 -0.006337086 0.999886096 -0.013696876 0.195619017 0.003493000 0.013719201 0.999899805 0.532471120
0.999977112 0.006626683 -0.001373909 0.020472320 -0.006642012 0.999912143 -0.011470361 0.195863500 0.001297778 0.011479223 0.999933243 0.571734130
0.999972105 0.007228112 -0.001887357 0.027204029 -0.007251091 0.999895990 -0.012466141 0.200633630 0.001797054 0.012479478 0.999920487 0.581558406
0.999979854 0.006212238 -0.001294995 0.025235182 -0.006229362 0.999887168 -0.013667994 0.216736168 0.001209940 0.013675787 0.999905765 0.603980005
0.999979198 0.006346580 -0.001160049 0.024700619 -0.006362678 0.999875426 -0.014444083 0.219770700 0.001068234 0.014451164 0.999894977 0.629710257
0.999983430 0.005648606 -0.001110159 0.026496625 -0.005662574 0.999899328 -0.013010180 0.227672726 0.001036558 0.013016250 0.999914765 0.661824465
0.999967813 0.007881758 -0.001503878 0.027480377 -0.007900384 0.999886751 -0.012809907 0.239550710 0.001402743 0.012821375 0.999916792 0.685689449
0.999988735 0.004684043 0.000788840 0.018680239 -0.004673318 0.999903440 -0.013088063 0.242053464 -0.000850069 0.013084230 0.999914050 0.698389411
0.999986887 0.005118357 0.000033647 0.025094973 -0.005117602 0.999917090 -0.011816957 0.253975332 -0.000094127 0.011816630 0.999930203 0.718735635
0.999990702 0.004250192 0.000755296 0.021057257 -0.004243981 0.999958634 -0.008042900 0.262786299 -0.000789448 0.008039620 0.999967396 0.753774762
0.999983966 0.005601804 0.000845636 0.023666363 -0.005594814 0.999951899 -0.008053195 0.268051475 -0.000890708 0.008048334 0.999967217 0.784882009
0.999982119 0.005724434 0.001733702 0.020503437 -0.005710443 0.999951959 -0.007970003 0.278406113 -0.001779243 0.007959960 0.999966741 0.797971666
0.999991298 0.004030471 0.001099605 0.026587410 -0.004025339 0.999981165 -0.004630117 0.286875933 -0.001118245 0.004625650 0.999988675 0.820663452
0.999982595 0.005887395 0.000396077 0.026500951 -0.005885855 0.999975502 -0.003783325 0.291146308 -0.000418341 0.003780928 0.999992788 0.844965279
0.999992073 0.003981272 0.000145761 0.025573971 -0.003980626 0.999983311 -0.004188654 0.302688479 -0.000162435 0.004188040 0.999991238 0.866136432
0.999983549 0.005203676 -0.002417470 0.028425423 -0.005215684 0.999973953 -0.004987845 0.311002791 0.002391452 0.005000372 0.999984622 0.874777496
0.999990225 0.003276693 -0.002977747 0.022638228 -0.003290360 0.999984026 -0.004596527 0.312937438 0.002962638 0.004606280 0.999984980 0.895175278
0.999969363 0.005066346 -0.005966198 0.028389690 -0.005103588 0.999967456 -0.006243514 0.325701445 0.005934372 0.006273772 0.999962687 0.929983318
0.999969125 0.001376715 -0.007736929 0.021541765 -0.001425591 0.999979019 -0.006315271 0.340811521 0.007728073 0.006326105 0.999950111 0.961873412
0.999924719 -0.001716739 -0.012151104 0.019893356 0.001650541 0.999983728 -0.005455845 0.350036532 0.012160273 0.005435378 0.999911308 0.990122736
0.999765754 -0.005006669 -0.021057151 0.031623732 0.004869939 0.999966741 -0.006539587 0.362629116 0.021089192 0.006435508 0.999756873 1.022009611
0.999441028 -0.008222198 -0.032403585 0.031338036 0.007975255 0.999938250 -0.007742764 0.366814286 0.032465246 0.007480009 0.999444902 1.028335214
0.999023139 -0.011824755 -0.042578898 0.033700738 0.011516199 0.999905646 -0.007484732 0.372266710 0.042663388 0.006987073 0.999065042 1.062627435
0.998785138 -0.010753341 -0.048089460 0.033942219 0.010439624 0.999922574 -0.006770039 0.380398214 0.048158538 0.006259779 0.998820066 1.087232113
0.998833001 -0.011001929 -0.047027078 0.027985552 0.010667969 0.999916136 -0.007346515 0.389653683 0.047103956 0.006836258 0.998866618 1.104700089
0.998782277 -0.011035105 -0.048085380 0.032204885 0.010685850 0.999914646 -0.007514264 0.397786021 0.048164200 0.006991280 0.998814940 1.117135763
0.998731196 -0.009602212 -0.049434707 0.033615950 0.009194071 0.999921799 -0.008476960 0.407015979 0.049512241 0.008011698 0.998741388 1.147197008
0.998784781 -0.011714143 -0.047872182 0.023883142 0.011316808 0.999899328 -0.008562537 0.413817346 0.047967665 0.008010372 0.998816788 1.173509359
0.998756051 -0.011819476 -0.048441686 0.027619133 0.011444813 0.999902487 -0.008004407 0.430132091 0.048531570 0.007440045 0.998793960 1.200507402
0.998696923 -0.010965625 -0.049841907 0.032794941 0.010507394 0.999900162 -0.009446430 0.437208533 0.049940515 0.008910412 0.998712420 1.216373324
0.998691261 -0.011466810 -0.049842864 0.029445287 0.010904828 0.999874055 -0.011532438 0.450055420 0.049968828 0.010973818 0.998690486 1.236501336
0.998747349 -0.011313949 -0.048741687 0.023503529 0.010786201 0.999880493 -0.011076904 0.455846399 0.048861187 0.010537291 0.998749971 1.268402338
0.998769820 -0.010905419 -0.048372380 0.020965515 0.010452176 0.999899149 -0.009612976 0.463127762 0.048472334 0.009095553 0.998783112 1.294827938
0.998786449 -0.011931940 -0.047783371 0.016554853 0.011526471 0.999895275 -0.008752156 0.467199534 0.047882795 0.008190761 0.998819351 1.319018483
0.998793602 -0.011695258 -0.047692973 0.018739596 0.011351643 0.999907672 -0.007469250 0.477505535 0.047775924 0.006918846 0.998834133 1.331504226
0.998848140 -0.011545904 -0.046573911 0.011948283 0.011270053 0.999917388 -0.006181120 0.484885007 0.046641428 0.005649109 0.998895705 1.366593719
0.998845994 -0.010517506 -0.046862435 0.019109806 0.010181892 0.999920845 -0.007394662 0.495199203 0.046936501 0.006908980 0.998874009 1.375490904
0.998889565 -0.008818431 -0.046280034 0.015717320 0.008503349 0.999939322 -0.007000611 0.506463230 0.046338964 0.006599302 0.998903990 1.399390936
0.998932898 -0.008903336 -0.045318671 0.019855132 0.008636306 0.999944210 -0.006084647 0.512375593 0.045370314 0.005686768 0.998954058 1.414822698
0.999048173 -0.010718165 -0.042283501 0.010545670 0.010438568 0.999922216 -0.006827699 0.522241712 0.042353392 0.006379821 0.999082327 1.438498974
0.999153376 -0.009208844 -0.040097073 0.011329157 0.008916490 0.999932408 -0.007463906 0.532390594 0.040163096 0.007100062 0.999167919 1.458985329
0.999225795 -0.008400424 -0.038435228 0.011970088 0.008229823 0.999955595 -0.004594742 0.533774674 0.038472116 0.004274869 0.999250531 1.483064771
0.999314189 -0.007883837 -0.036180794 0.006140247 0.007713883 0.999958575 -0.004834574 0.539113224 0.036217410 0.004552164 0.999333560 1.503324747
0.999376237 -0.007273823 -0.034557529 0.004799315 0.007094034 0.999960661 -0.005322346 0.548688173 0.034594886 0.005073874 0.999388516 1.520229101
0.999425828 -0.005844411 -0.033374671 0.004814654 0.005613754 0.999959767 -0.007000647 0.558833122 0.033414241 0.006809271 0.999418378 1.547452331
0.999506891 -0.004510103 -0.031074533 0.000141447 0.004308439 0.999969244 -0.006553577 0.567966223 0.031103136 0.006416462 0.999495566 1.562472582
0.999506593 -0.003924693 -0.031163216 0.002253649 0.003730211 0.999973238 -0.006296463 0.574105918 0.031187093 0.006177111 0.999494493 1.583281994
0.999531448 -0.004550465 -0.030269105 -0.001236834 0.004380310 0.999974251 -0.005685358 0.579532981 0.030294197 0.005550107 0.999525607 1.613230109
0.999525189 -0.003234881 -0.030641144 0.004562573 0.002966263 0.999956787 -0.008808009 0.597570658 0.030668315 0.008712938 0.999491632 1.642117977
0.999520004 -0.003298575 -0.030804384 0.002013241 0.003030405 0.999957144 -0.008748200 0.598473668 0.030831920 0.008650651 0.999487162 1.650137663
0.999511898 -0.002395448 -0.031148754 0.005950832 0.002069571 0.999942839 -0.010490006 0.612643123 0.031172102 0.010420421 0.999459684 1.687227488
0.999529839 -0.002672084 -0.030544700 0.007274182 0.002395683 0.999955893 -0.009082097 0.614647508 0.030567620 0.009004651 0.999492168 1.696801066
0.999532938 -0.003156977 -0.030395528 0.002172475 0.002824704 0.999935865 -0.010968372 0.623801172 0.030428207 0.010877391 0.999477744 1.728304267
0.999553204 -0.003113335 -0.029727785 -0.000390948 0.002757610 0.999924183 -0.011999579 0.631895661 0.029762890 0.011912240 0.999486029 1.752500415
0.999578357 -0.003835686 -0.028781386 -0.002184495 0.003490618 0.999921560 -0.012029929 0.644360602 0.028825272 0.011924392 0.999513328 1.777886748
0.999554813 -0.003685371 -0.029606678 0.001005065 0.003341320 0.999926388 -0.011661808 0.653028548 0.029647477 0.011557691 0.999493599 1.796328306
0.999521911 -0.003136106 -0.030758411 0.004827433 0.002732890 0.999909878 -0.013142433 0.659732342 0.030796856 0.013052091 0.999440432 1.816040158
0.999570906 -0.002349208 -0.029197281 0.001680043 0.002004872 0.999928176 -0.011817130 0.664844096 0.029222945 0.011753523 0.999503791 1.831639409
0.999584079 -0.003410080 -0.028635662 0.000303069 0.003152072 0.999954104 -0.009050356 0.671627164 0.028665211 0.008956330 0.999548972 1.862125278
0.999627829 -0.004190482 -0.026956297 -0.006984050 0.003935261 0.999947011 -0.009514040 0.684565187 0.026994737 0.009404420 0.999591351 1.886136770
0.999626040 -0.004542455 -0.026964601 -0.010012724 0.004314938 0.999954641 -0.008489829 0.689021885 0.027001943 0.008370304 0.999600351 1.909804344
0.999620855 -0.002940929 -0.027376030 -0.011143680 0.002753641 0.999972582 -0.006876472 0.700343907 0.027395502 0.006798482 0.999601543 1.934212923
0.999603868 -0.003597977 -0.027912967 -0.009187618 0.003421162 0.999973774 -0.006379719 0.705902457 0.027935190 0.006281698 0.999589980 1.947569609
0.999633491 -0.003024979 -0.026903162 -0.009487603 0.002834732 0.999970734 -0.007106899 0.713921189 0.026923873 0.007028031 0.999612808 1.973259449
0.999643147 -0.002200630 -0.026621051 -0.009856652 0.001983794 0.999964654 -0.008168967 0.727453470 0.026638089 0.008113243 0.999612212 2.000921249
0.999659300 -0.001698855 -0.026045116 -0.014306252 0.001487454 0.999965787 -0.008133959 0.734087467 0.026058044 0.008092447 0.999627650 2.026287079
0.999678016 -0.001897771 -0.025302669 -0.016499672 0.001680132 0.999961436 -0.008619894 0.743902624 0.025318053 0.008574607 0.999642670 2.050556421
0.999677241 -0.001439168 -0.025365127 -0.017827293 0.001209755 0.999958277 -0.009057442 0.749056578 0.025377102 0.009023832 0.999637246 2.063125372
0.999702334 -0.002046990 -0.024312552 -0.021256754 0.001849497 0.999965131 -0.008142797 0.751585245 0.024328373 0.008095407 0.999671221 2.094607353
0.999674499 0.000445601 -0.025508057 -0.012355711 -0.000651149 0.999967396 -0.008050407 0.761014521 0.025503639 0.008064397 0.999642193 2.109526634
0.999661922 0.001609586 -0.025949938 -0.015199299 -0.001827673 0.999963224 -0.008382602 0.768540919 0.025935490 0.008427195 0.999628127 2.133503199
0.999670565 0.001104355 -0.025641464 -0.015680542 -0.001379432 0.999941647 -0.010712605 0.788595915 0.025628136 0.010744446 0.999613822 2.157302856
0.999642789 0.002436044 -0.026614774 -0.010351157 -0.002749961 0.999926984 -0.011764631 0.795319021 0.026584171 0.011833617 0.999576509 2.172390938
0.999688685 0.000415023 -0.024946639 -0.018698119 -0.000731589 0.999919295 -0.012681934 0.802442431 0.024939362 0.012696236 0.999608338 2.203284979
0.999688506 0.000612252 -0.024950955 -0.017396547 -0.000899175 0.999933600 -0.011489870 0.809692562 0.024942262 0.011508726 0.999622643 2.225265026
0.999691367 0.000931511 -0.024826044 -0.018356714 -0.001249109 0.999917567 -0.012780474 0.822180271 0.024812091 0.012807540 0.999610066 2.258216381
0.999671936 0.001660251 -0.025559368 -0.014127457 -0.001997215 0.999911368 -0.013163682 0.825366735 0.025535248 0.013210411 0.999586642 2.265780926
0.999708354 0.000140770 -0.024150223 -0.020532645 -0.000409846 0.999937892 -0.011137174 0.826926768 0.024147155 0.011143823 0.999646306 2.285745859
0.999712646 -0.000689611 -0.023960587 -0.021922510 0.000434002 0.999942958 -0.010671469 0.842610002 0.023966579 0.010658004 0.999655962 2.314536572
0.999696136 -0.000367640 -0.024647078 -0.018772712 0.000082806 0.999933243 -0.011556513 0.852718830 0.024649680 0.011550960 0.999629438 2.343427896
0.999713540 0.000780378 -0.023920802 -0.019658975 -0.001004209 0.999955833 -0.009346568 0.865631461 0.023912450 0.009367913 0.999670148 2.370437145
0.999722481 0.000470755 -0.023552855 -0.021732414 -0.000668759 0.999964476 -0.008399633 0.872859836 0.023548065 0.008413053 0.999687314 2.391853809
0.999716938 -0.000145649 -0.023791762 -0.021692256 -0.000047769 0.999966979 -0.008128839 0.877607584 0.023792161 0.008127674 0.999683917 2.416153908
0.999708772 0.001088456 -0.024108373 -0.021861592 -0.001221881 0.999984026 -0.005520307 0.879147172 0.024101980 0.005548157 0.999694109 2.438377857
0.999579072 0.001061755 -0.028991409 -0.016139293 -0.000980969 0.999995589 0.002800639 0.890356660 0.028994255 -0.002771020 0.999575734 2.459812403
0.999596655 0.001529294 -0.028358731 -0.023216313 -0.001648084 0.999989986 -0.004165919 0.895504594 0.028352076 0.004210976 0.999589145 2.464309216
0.999581218 -0.001849557 -0.028878191 -0.024716796 0.001706837 0.999986231 -0.004966002 0.886893392 0.028886978 0.004914633 0.999570608 2.456069231
0.999589443 0.000486071 -0.028647870 -0.022493318 -0.000613684 0.999989927 -0.004445924 0.890800118 0.028645420 0.004461679 0.999579668 2.457107067
0.999601662 0.000873588 -0.028208809 -0.025132224 -0.000995373 0.999990225 -0.004303498 0.891506553 0.028204774 0.004329862 0.999592781 2.459096432
0.999600112 -0.000207337 -0.028276678 -0.025069520 0.000086381 0.999990821 -0.004278752 0.888294578 0.028277308 0.004274598 0.999590993 2.457861900
0.999591112 -0.001864676 -0.028533859 -0.023423696 0.001713542 0.999984384 -0.005320224 0.895425200 0.028543334 0.005269154 0.999578655 2.456298828
0.999605536 -0.000051667 -0.028085275 -0.026144506 -0.000079712 0.999989033 -0.004676711 0.891105652 0.028085208 0.004677105 0.999594569 2.458859921
0.999591887 0.000942130 -0.028551219 -0.024658922 -0.001071435 0.999989212 -0.004513925 0.890795648 0.028546659 0.004542674 0.999582112 2.458174706
0.999598444 0.000889268 -0.028321402 -0.025349950 -0.001011416 0.999990225 -0.004298879 0.891649902 0.028317302 0.004325797 0.999589622 2.459246874
0.999607861 0.000611016 -0.027996311 -0.026322436 -0.000745349 0.999988258 -0.004788063 0.892251670 0.027993057 0.004807052 0.999596536 2.458961964
0.999595642 0.000970020 -0.028418398 -0.025186747 -0.001099140 0.999989152 -0.004528262 0.890551388 0.028413698 0.004557666 0.999585867 2.456430197
0.999605358 -0.000099739 -0.028091706 -0.024928976 -0.000026332 0.999989927 -0.004487445 0.890731573 0.028091872 0.004486413 0.999595284 2.456011295
0.999605775 -0.000596828 -0.028071113 -0.024054006 0.000463009 0.999988496 -0.004773390 0.892165542 0.028073639 0.004758510 0.999594510 2.456874847
0.999593854 0.000412297 -0.028495224 -0.023927152 -0.000534150 0.999990761 -0.004268772 0.889744341 0.028493199 0.004282259 0.999584794 2.458607674
0.999595106 0.000321896 -0.028451070 -0.024381606 -0.000454556 0.999989033 -0.004656388 0.891978800 0.028449260 0.004667436 0.999584317 2.461158752
0.999596238 -0.000750823 -0.028404647 -0.023739722 0.000608080 0.999987125 -0.005033659 0.894797981 0.028408062 0.005014355 0.999583840 2.459522963
0.999607623 0.000101619 -0.028011380 -0.026312824 -0.000218211 0.999991298 -0.004159291 0.890253723 0.028010715 0.004163772 0.999598980 2.461879730
0.999613523 0.000061580 -0.027800158 -0.026405064 -0.000181777 0.999990642 -0.004321107 0.890938103 0.027799632 0.004324490 0.999604166 2.462136269
0.999602795 0.000559451 -0.028176628 -0.026163135 -0.000690614 0.999988973 -0.004645517 0.892041206 0.028173719 0.004663130 0.999592185 2.459321737
0.999591887 0.000621145 -0.028560294 -0.023444919 -0.000742692 0.999990702 -0.004245382 0.889963388 0.028557390 0.004264861 0.999583066 2.458534002
0.999596775 0.000513211 -0.028389534 -0.025336003 -0.000642424 0.999989450 -0.004542497 0.891366243 0.028386904 0.004558904 0.999586642 2.460492849
0.999586344 -0.002678072 -0.028635262 -0.025253177 0.002372714 0.999940038 -0.010692365 0.894006729 0.028662181 0.010620000 0.999532759 2.465791464
0.999468207 -0.004141210 -0.032344993 -0.023055596 0.003705453 0.999901712 -0.013520509 0.890906036 0.032397803 0.013393465 0.999385297 2.473643541
0.999428093 -0.004813264 -0.033471681 -0.029461602 0.004459174 0.999933422 -0.010645395 0.895785868 0.033520691 0.010490051 0.999382973 2.499039173
0.999418378 -0.002270436 -0.034026183 -0.023257181 0.002000217 0.999966204 -0.007973450 0.929880679 0.034043137 0.007900753 0.999389112 2.560891867
0.999427855 -0.000473560 -0.033819288 -0.025052445 0.000161184 0.999957323 -0.009238753 0.941536248 0.033822220 0.009228016 0.999385238 2.605562925
0.999413252 0.000056012 -0.034250714 -0.024585219 -0.000423731 0.999942362 -0.010728943 0.958450675 0.034248136 0.010737161 0.999355674 2.647582531
0.999453485 -0.000053830 -0.033057198 -0.028223513 -0.000341403 0.999928534 -0.011950281 0.972732127 0.033055477 0.011955036 0.999382019 2.691298962
0.999452889 -0.001866401 -0.033021204 -0.029257510 0.001428803 0.999910891 -0.013270659 0.991024256 0.033043031 0.013216219 0.999366522 2.730046272
0.999443650 -0.001011812 -0.033336360 -0.030371578 0.000619198 0.999930382 -0.011785588 1.005292654 0.033345964 0.011758390 0.999374688 2.774024010
0.999445558 -0.003197887 -0.033141389 -0.033395104 0.002755013 0.999906421 -0.013400242 1.022470236 0.033181142 0.013301508 0.999360859 2.822321415
0.999480844 -0.001282166 -0.032193467 -0.034970559 0.001033541 0.999969542 -0.007738281 1.037243843 0.032202408 0.007700990 0.999451697 2.869101763
0.999488533 -0.000991577 -0.031963140 -0.040207103 0.000780720 0.999977887 -0.006608663 1.055180311 0.031968985 0.006580329 0.999467194 2.923469305
0.999449432 -0.001467858 -0.033145852 -0.039628517 0.001124362 0.999945521 -0.010379434 1.083485603 0.033159282 0.010336451 0.999396622 2.985263824
0.999494791 -0.001608072 -0.031741798 -0.037566237 0.001224714 0.999926150 -0.012093123 1.101396084 0.031758897 0.012048139 0.999422967 3.035418034
0.999554038 -0.002897984 -0.029720154 -0.040597714 0.002491954 0.999903202 -0.013689749 1.115457058 0.029756948 0.013609583 0.999464512 3.091446877
0.999571919 -0.002417738 -0.029156642 -0.047083955 0.001937416 0.999862134 -0.016490869 1.134760737 0.029192492 0.016427321 0.999438822 3.144700289
0.999527693 -0.002934405 -0.030589998 -0.043183215 0.002518783 0.999904096 -0.013616556 1.152041078 0.030627022 0.013533075 0.999439240 3.189677000
0.999596238 -0.001469529 -0.028376367 -0.055047695 0.001063082 0.999896705 -0.014333247 1.170309186 0.028394500 0.014297293 0.999494553 3.236636162
0.999616027 -0.002071537 -0.027631249 -0.055829179 0.001638161 0.999875426 -0.015697703 1.185384989 0.027660325 0.015646411 0.999494910 3.277619362
0.999641001 -0.002774400 -0.026650121 -0.057926834 0.002471311 0.999931991 -0.011399088 1.200491786 0.026679933 0.011329135 0.999579847 3.322031736
0.999658763 -0.002712559 -0.025981868 -0.060809255 0.002369069 0.999909520 -0.013242072 1.220397711 0.026015436 0.013176001 0.999574721 3.375096798
0.999620795 -0.003682829 -0.027289800 -0.060529321 0.003397117 0.999939024 -0.010508542 1.239473462 0.027326837 0.010411851 0.999572337 3.424295664
0.999641955 -0.002595882 -0.026630852 -0.061486479 0.002450078 0.999981821 -0.005506159 1.262610793 0.026644662 0.005438940 0.999630153 3.479773283
0.999639809 -0.003053836 -0.026663877 -0.062314447 0.002875703 0.999973297 -0.006716479 1.280202389 0.026683677 0.006637382 0.999621868 3.532868624
0.999688804 -0.002232766 -0.024844842 -0.067032233 0.001982102 0.999946952 -0.010109219 1.302868605 0.024866097 0.010056828 0.999640226 3.586923361
0.999699891 -0.000598558 -0.024491277 -0.067612723 0.000307867 0.999929488 -0.011871200 1.322534919 0.024496656 0.011860097 0.999629557 3.637046337
0.999684930 -0.000072351 -0.025100023 -0.065391637 -0.000254257 0.999915361 -0.013008808 1.343605399 0.025098840 0.013011090 0.999600291 3.697416067
0.999691665 0.000006388 -0.024831748 -0.067277648 -0.000333609 0.999913156 -0.013173403 1.358620882 0.024829507 0.013177625 0.999604821 3.747245312
0.999717653 -0.001698395 -0.023701368 -0.067825034 0.001379456 0.999908388 -0.013466449 1.382968426 0.023722067 0.013429952 0.999628365 3.803379774
0.999703169 -0.001008068 -0.024342055 -0.064585365 0.000765404 0.999949932 -0.009976171 1.397308230 0.024350893 0.009954578 0.999653935 3.853765488
0.999754190 -0.000254625 -0.022169514 -0.072025545 0.000109133 0.999978483 -0.006563658 1.418931723 0.022170708 0.006559625 0.999732673 3.906480074
0.999751091 -0.001777982 -0.022239318 -0.074253477 0.001567703 0.999953926 -0.009469151 1.439581633 0.022255130 0.009431929 0.999707818 3.955367804
0.999735832 0.000682108 -0.022974895 -0.073586024 -0.000981945 0.999914467 -0.013041879 1.452080369 0.022964034 0.013060994 0.999650955 3.994083643
0.999754071 -0.000934718 -0.022157226 -0.074457057 0.000709530 0.999948025 -0.010168846 1.472611547 0.022165580 0.010150624 0.999702811 4.046071053
0.999770701 0.000475223 -0.021408824 -0.072092384 -0.000781852 0.999897182 -0.014316483 1.495888710 0.021399818 0.014329939 0.999668300 4.099816322
0.999794781 0.000939881 -0.020237315 -0.075392619 -0.001176061 0.999931335 -0.011661774 1.515132785 0.020224966 0.011683182 0.999727190 4.158822536
0.999782443 0.004021765 -0.020467687 -0.075011455 -0.004238237 0.999935448 -0.010543920 1.541383386 0.020423960 0.010628372 0.999734938 4.220411301
0.999770164 0.002211854 -0.021325678 -0.073860571 -0.002477633 0.999919474 -0.012444545 1.562328696 0.021296436 0.012494521 0.999695122 4.277015209
0.999788404 0.001351252 -0.020525416 -0.076813370 -0.001677195 0.999872625 -0.015871096 1.581753254 0.020501357 0.015902163 0.999663353 4.335659027
0.999821603 0.000940840 -0.018865244 -0.082770586 -0.001139788 0.999943852 -0.010537773 1.602283359 0.018854270 0.010557395 0.999766529 4.392970562
0.999856830 0.002662136 -0.016708953 -0.086219668 -0.002770248 0.999975383 -0.006450489 1.622831583 0.016691370 0.006495853 0.999839604 4.455198765
0.999840021 0.002247376 -0.017743893 -0.083757877 -0.002442421 0.999936759 -0.010978236 1.654552937 0.017718099 0.011019818 0.999782264 4.520010948
0.999885798 0.003055942 -0.014798880 -0.083080612 -0.003274411 0.999885678 -0.014760841 1.673745036 0.014752080 0.014807613 0.999781549 4.580016136
0.999904037 0.002706935 -0.013587119 -0.087035507 -0.002844822 0.999944568 -0.010139367 1.692480803 0.013558919 0.010177047 0.999856293 4.641837597
0.999895632 0.006564307 -0.012870356 -0.088429756 -0.006694103 0.999926925 -0.010067896 1.730542660 0.012803326 0.010153000 0.999866486 4.742003918
0.999892354 0.006573278 -0.013116685 -0.087574854 -0.006699605 0.999931395 -0.009610432 1.739763498 0.013052613 0.009697274 0.999867797 4.771600246
0.999924600 0.004104748 -0.011571684 -0.090351544 -0.004195982 0.999960244 -0.007871026 1.762443662 0.011538915 0.007918987 0.999902070 4.833229542
0.999911368 0.005205682 -0.012254593 -0.089553602 -0.005246457 0.999980807 -0.003297470 1.780694246 0.012237192 0.003361471 0.999919474 4.898835659
0.999874473 0.004763579 -0.015112241 -0.087843224 -0.004856099 0.999969661 -0.006091409 1.806795359 0.015082765 0.006164031 0.999867260 4.955425262
0.999819279 0.005314215 -0.018254086 -0.083158590 -0.005577281 0.999880910 -0.014390830 1.829157352 0.018175436 0.014490037 0.999729812 5.008232594
0.999824882 0.006213323 -0.017653540 -0.082127057 -0.006284877 0.999972224 -0.004000629 1.858544707 0.017628193 0.004110879 0.999836147 5.081148148
0.999898195 0.003063716 -0.013938138 -0.093749076 -0.003123711 0.999985933 -0.004284707 1.877581954 0.013924816 0.004327810 0.999893665 5.134423733
0.999891162 0.005153305 -0.013823736 -0.092856251 -0.005257506 0.999957979 -0.007512086 1.902085543 0.013784444 0.007583946 0.999876201 5.195976257
0.999894202 0.005716307 -0.013376221 -0.090765670 -0.005818093 0.999954343 -0.007583009 1.919839144 0.013332263 0.007660031 0.999881804 5.263269901
0.999896884 0.005002178 -0.013462418 -0.089612924 -0.005141583 0.999933302 -0.010340514 1.941437602 0.013409795 0.010408666 0.999855936 5.328299046
0.999871552 0.007363433 -0.014236704 -0.087246776 -0.007551281 0.999884546 -0.013186187 1.966960669 0.014137966 0.013291998 0.999811709 5.395431042
0.999914885 0.003853915 -0.012465913 -0.090500355 -0.003974090 0.999945760 -0.009630003 1.984415412 0.012428124 0.009678724 0.999875903 5.457974911
0.999934554 0.004643857 -0.010454196 -0.094311841 -0.004672994 0.999985278 -0.002764346 1.999988556 0.010441204 0.002813017 0.999941528 5.518799782
0.999930024 0.004401855 -0.010978217 -0.094551243 -0.004469024 0.999971390 -0.006101343 2.031589508 0.010951047 0.006149978 0.999921143 5.593642712
0.999950469 0.007268719 -0.006800808 -0.096150629 -0.007346316 0.999907374 -0.011455366 2.057578564 0.006716913 0.011504760 0.999911249 5.675508976
0.999952435 0.007715362 -0.005971359 -0.095985718 -0.007784913 0.999901116 -0.011713230 2.070214033 0.005880397 0.011759159 0.999913573 5.701547146
0.999954760 0.007355866 -0.006033290 -0.097444281 -0.007446399 0.999857903 -0.015122964 2.085762978 0.005921190 0.015167207 0.999867439 5.768588543
0.999987781 0.003494345 -0.003492287 -0.107698314 -0.003554565 0.999842465 -0.017388998 2.107945442 0.003430974 0.017401200 0.999842703 5.824312687
