1.000000000 0.000000000 0.000000000 0.000000000 0.000000000 1.000000000 0.000000000 0.000000000 0.000000000 0.000000000 1.000000000 0.000000000
1.000000000 0.000159209 0.000156211 0.000004142 -0.000159181 1.000000000 -0.000181359 0.000011329 -0.000156240 0.000181335 1.000000000 0.000020182
1.000000000 0.000159209 0.000156211 0.000004142 -0.000159181 1.000000000 -0.000181359 0.000011329 -0.000156240 0.000181335 1.000000000 0.000020182
1.000000000 0.000159209 0.000156211 0.000004142 -0.000159181 1.000000000 -0.000181359 0.000011329 -0.000156240 0.000181335 1.000000000 0.000020182
1.000000000 0.000159209 0.000156211 0.000004142 -0.000159181 1.000000000 -0.000181359 0.000011329 -0.000156240 0.000181335 1.000000000 0.000020182
1.000000000 0.000159209 0.000156211 0.000004142 -0.000159181 1.000000000 -0.000181359 0.000011329 -0.000156240 0.000181335 1.000000000 0.000020182
1.000000000 0.000159209 0.000156211 0.000004142 -0.000159181 1.000000000 -0.000181359 0.000011329 -0.000156240 0.000181335 1.000000000 0.000020182
1.000000000 0.000159209 0.000156211 0.000004142 -0.000159181 1.000000000 -0.000181359 0.000011329 -0.000156240 0.000181335 1.000000000 0.000020182
1.000000000 0.000159209 0.000156211 0.000004142 -0.000159181 1.000000000 -0.000181359 0.000011329 -0.000156240 0.000181335 1.000000000 0.000020182
1.000000000 0.000159209 0.000156211 0.000004142 -0.000159181 1.000000000 -0.000181359 0.000011329 -0.000156240 0.000181335 1.000000000 0.000020182
1.000000000 0.000159209 0.000156211 0.000004142 -0.000159181 1.000000000 -0.000181359 0.000011329 -0.000156240 0.000181335 1.000000000 0.000020182
1.000000000 0.000159209 0.000156211 0.000004142 -0.000159181 1.000000000 -0.000181359 0.000011329 -0.000156240 0.000181335 1.000000000 0.000020182
1.000000000 0.000159209 0.000156211 0.000004142 -0.000159181 1.000000000 -0.000181359 0.000011329 -0.000156240 0.000181335 1.000000000 0.000020182
1.000000000 0.000159209 0.000156211 0.000004142 -0.000159181 1.000000000 -0.000181359 0.000011329 -0.000156240 0.000181335 1.000000000 0.000020182
1.000000000 0.000159209 0.000156211 0.000004142 -0.000159181 1.000000000 -0.000181359 0.000011329 -0.000156240 0.000181335 1.000000000 0.000020182
1.000000000 0.000159209 0.000156211 0.000004142 -0.000159181 1.000000000 -0.000181359 0.000011329 -0.000156240 0.000181335 1.000000000 0.000020182
1.000000000 0.000159209 0.000156211 0.000004142 -0.000159181 1.000000000 -0.000181359 0.000011329 -0.000156240 0.000181335 1.000000000 0.000020182
1.000000000 0.000159209 0.000156211 0.000004142 -0.000159181 1.000000000 -0.000181359 0.000011329 -0.000156240 0.000181335 1.000000000 0.000020182
1.000000000 0.000159209 0.000156211 0.000004142 -0.000159181 1.000000000 -0.000181359 0.000011329 -0.000156240 0.000181335 1.000000000 0.000020182
1.000000000 0.000159209 0.000156211 0.000004142 -0.000159181 1.000000000 -0.000181359 0.000011329 -0.000156240 0.000181335 1.000000000 0.000020182
1.000000000 0.000159209 0.000156211 0.000004142 -0.000159181 1.000000000 -0.000181359 0.000011329 -0.000156240 0.000181335 1.000000000 0.000020182
1.000000000 0.000159209 0.000156211 0.000004142 -0.000159181 1.000000000 -0.000181359 0.000011329 -0.000156240 0.000181335 1.000000000 0.000020182
1.000000000 0.000159209 0.000156211 0.000004142 -0.000159181 1.000000000 -0.000181359 0.000011329 -0.000156240 0.000181335 1.000000000 0.000020182
1.000000000 0.000159209 0.000156211 0.000004142 -0.000159181 1.000000000 -0.000181359 0.000011329 -0.000156240 0.000181335 1.000000000 0.000020182
1.000000000 0.000159209 0.000156211 0.000004142 -0.000159181 1.000000000 -0.000181359 0.000011329 -0.000156240 0.000181335 1.000000000 0.000020182
1.000000000 0.000159209 0.000156211 0.000004142 -0.000159181 1.000000000 -0.000181359 0.000011329 -0.000156240 0.000181335 1.000000000 0.000020182
1.000000000 0.000159209 0.000156211 0.000004142 -0.000159181 1.000000000 -0.000181359 0.000011329 -0.000156240 0.000181335 1.000000000 0.000020182
1.000000000 0.000159209 0.000156211 0.000004142 -0.000159181 1.000000000 -0.000181359 0.000011329 -0.000156240 0.000181335 1.000000000 0.000020182
1.000000000 0.000159209 0.000156211 0.000004142 -0.000159181 1.000000000 -0.000181359 0.000011329 -0.000156240 0.000181335 1.000000000 0.000020182
1.000000000 0.000159209 0.000156211 0.000004142 -0.000159181 1.000000000 -0.000181359 0.000011329 -0.000156240 0.000181335 1.000000000 0.000020182
1.000000000 0.000159209 0.000156211 0.000004142 -0.000159181 1.000000000 -0.000181359 0.000011329 -0.000156240 0.000181335 1.000000000 0.000020182
1.000000000 0.000159209 0.000156211 0.000004142 -0.000159181 1.000000000 -0.000181359 0.000011329 -0.000156240 0.000181335 1.000000000 0.000020182
1.000000000 0.000159209 0.000156211 0.000004142 -0.000159181 1.000000000 -0.000181359 0.000011329 -0.000156240 0.000181335 1.000000000 0.000020182
1.000000000 0.000159209 0.000156211 0.000004142 -0.000159181 1.000000000 -0.000181359 0.000011329 -0.000156240 0.000181335 1.000000000 0.000020182
1.000000000 0.000159209 0.000156211 0.000004142 -0.000159181 1.000000000 -0.000181359 0.000011329 -0.000156240 0.000181335 1.000000000 0.000020182
1.000000000 0.000159209 0.000156211 0.000004142 -0.000159181 1.000000000 -0.000181359 0.000011329 -0.000156240 0.000181335 1.000000000 0.000020182
1.000000000 0.000159209 0.000156211 0.000004142 -0.000159181 1.000000000 -0.000181359 0.000011329 -0.000156240 0.000181335 1.000000000 0.000020182
1.000000000 0.000159209 0.000156211 0.000004142 -0.000159181 1.000000000 -0.000181359 0.000011329 -0.000156240 0.000181335 1.000000000 0.000020182
1.000000000 0.000159209 0.000156211 0.000004142 -0.000159181 1.000000000 -0.000181359 0.000011329 -0.000156240 0.000181335 1.000000000 0.000020182
1.000000000 0.000159209 0.000156211 0.000004142 -0.000159181 1.000000000 -0.000181359 0.000011329 -0.000156240 0.000181335 1.000000000 0.000020182
1.000000000 0.000159209 0.000156211 0.000004142 -0.000159181 1.000000000 -0.000181359 0.000011329 -0.000156240 0.000181335 1.000000000 0.000020182
1.000000000 0.000159209 0.000156211 0.000004142 -0.000159181 1.000000000 -0.000181359 0.000011329 -0.000156240 0.000181335 1.000000000 0.000020182
1.000000000 0.000159209 0.000156211 0.000004142 -0.000159181 1.000000000 -0.000181359 0.000011329 -0.000156240 0.000181335 1.000000000 0.000020182
1.000000000 0.000159209 0.000156211 0.000004142 -0.000159181 1.000000000 -0.000181359 0.000011329 -0.000156240 0.000181335 1.000000000 0.000020182
1.000000000 0.000159209 0.000156211 0.000004142 -0.000159181 1.000000000 -0.000181359 0.000011329 -0.000156240 0.000181335 1.000000000 0.000020182
1.000000000 0.000159209 0.000156211 0.000004142 -0.000159181 1.000000000 -0.000181359 0.000011329 -0.000156240 0.000181335 1.000000000 0.000020182
1.000000000 0.000000000 0.000000000 0.000000000 0.000000000 1.000000000 0.000000000 0.000000000 0.000000000 0.000000000 1.000000000 0.000000000
1.000000000 0.000000000 0.000000000 0.000000000 0.000000000 1.000000000 0.000000000 0.000000000 0.000000000 0.000000000 1.000000000 0.000000000
0.999739945 0.022741867 -0.001687011 -0.000345882 -0.022741331 0.999741316 0.000336280 -0.000327355 0.001694223 -0.000297828 0.999998510 -0.001300596
0.999408484 0.034368783 0.001197191 -0.002102917 -0.034364782 0.999404192 -0.003218298 -0.000481372 -0.001307087 0.003175253 0.999994099 -0.003901941
0.999246716 0.038767952 -0.001749504 -0.000773938 -0.038778499 0.999226928 -0.006461172 0.000156744 0.001497665 0.006524148 0.999977589 -0.002182469
0.999711990 0.023657853 0.004036091 -0.002169349 -0.023660043 0.999719918 0.000495917 -0.001207294 -0.004023229 -0.000591268 0.999991715 -0.003825714
0.999711990 0.023657853 0.004036091 -0.002169349 -0.023660043 0.999719918 0.000495917 -0.001207294 -0.004023229 -0.000591268 0.999991715 -0.003825714
0.999711990 0.023657853 0.004036091 -0.002169349 -0.023660043 0.999719918 0.000495917 -0.001207294 -0.004023229 -0.000591268 0.999991715 -0.003825714
0.999711990 0.023657853 0.004036091 -0.002169349 -0.023660043 0.999719918 0.000495917 -0.001207294 -0.004023229 -0.000591268 0.999991715 -0.003825714
0.999711990 0.023657853 0.004036091 -0.002169349 -0.023660043 0.999719918 0.000495917 -0.001207294 -0.004023229 -0.000591268 0.999991715 -0.003825714
0.999711990 0.023657853 0.004036091 -0.002169349 -0.023660043 0.999719918 0.000495917 -0.001207294 -0.004023229 -0.000591268 0.999991715 -0.003825714
0.999711990 0.023657853 0.004036091 -0.002169349 -0.023660043 0.999719918 0.000495917 -0.001207294 -0.004023229 -0.000591268 0.999991715 -0.003825714
0.999711990 0.023657853 0.004036091 -0.002169349 -0.023660043 0.999719918 0.000495917 -0.001207294 -0.004023229 -0.000591268 0.999991715 -0.003825714
0.999711990 0.023657853 0.004036091 -0.002169349 -0.023660043 0.999719918 0.000495917 -0.001207294 -0.004023229 -0.000591268 0.999991715 -0.003825714
0.998392701 0.000477214 0.056672990 -0.002578826 0.000080344 0.999951601 -0.009835475 -0.001876752 -0.056674942 0.009824220 0.998344362 0.009199440
0.998392701 0.000477214 0.056672990 -0.002578826 0.000080344 0.999951601 -0.009835475 -0.001876752 -0.056674942 0.009824220 0.998344362 0.009199440
0.998392701 0.000477214 0.056672990 -0.002578826 0.000080344 0.999951601 -0.009835475 -0.001876752 -0.056674942 0.009824220 0.998344362 0.009199440
0.994242132 -0.052319754 0.093515828 -0.005466850 0.051529508 0.998612583 0.010846915 -0.005363304 -0.093953587 -0.005965635 0.995558679 -0.002292502
0.982545316 -0.013065503 0.185563967 -0.024515836 0.005007161 0.999026537 0.043828670 -0.013722698 -0.185955971 -0.042134505 0.981654227 0.035516940
0.817473412 -0.495641083 0.293389022 0.004979307 0.569506228 0.771655500 -0.283214539 -0.029364817 -0.086022511 0.398607254 0.913078547 0.100081868
0.817473412 -0.495641083 0.293389022 0.004979307 0.569506228 0.771655500 -0.283214539 -0.029364817 -0.086022511 0.398607254 0.913078547 0.100081868
0.817473412 -0.495641083 0.293389022 0.004979307 0.569506228 0.771655500 -0.283214539 -0.029364817 -0.086022511 0.398607254 0.913078547 0.100081868
0.817473412 -0.495641083 0.293389022 0.004979307 0.569506228 0.771655500 -0.283214539 -0.029364817 -0.086022511 0.398607254 0.913078547 0.100081868
0.817473412 -0.495641083 0.293389022 0.004979307 0.569506228 0.771655500 -0.283214539 -0.029364817 -0.086022511 0.398607254 0.913078547 0.100081868
0.817473412 -0.495641083 0.293389022 0.004979307 0.569506228 0.771655500 -0.283214539 -0.029364817 -0.086022511 0.398607254 0.913078547 0.100081868
0.817473412 -0.495641083 0.293389022 0.004979307 0.569506228 0.771655500 -0.283214539 -0.029364817 -0.086022511 0.398607254 0.913078547 0.100081868
0.817473412 -0.495641083 0.293389022 0.004979307 0.569506228 0.771655500 -0.283214539 -0.029364817 -0.086022511 0.398607254 0.913078547 0.100081868
0.817473412 -0.495641083 0.293389022 0.004979307 0.569506228 0.771655500 -0.283214539 -0.029364817 -0.086022511 0.398607254 0.913078547 0.100081868
0.817473412 -0.495641083 0.293389022 0.004979307 0.569506228 0.771655500 -0.283214539 -0.029364817 -0.086022511 0.398607254 0.913078547 0.100081868
0.997585237 0.026127001 0.064351127 0.002288019 -0.026207557 0.999656439 0.000407861 -0.000456110 -0.064318359 -0.002093361 0.997927248 0.004057181
0.997505009 0.042564411 0.056320433 0.005942122 -0.042501472 0.999093711 -0.002315342 0.001788338 -0.056367941 -0.000084136 0.998410046 0.009868558
0.997505009 0.042564411 0.056320433 0.005942122 -0.042501472 0.999093711 -0.002315342 0.001788338 -0.056367941 -0.000084136 0.998410046 0.009868558
0.997505009 0.042564411 0.056320433 0.005942122 -0.042501472 0.999093711 -0.002315342 0.001788338 -0.056367941 -0.000084136 0.998410046 0.009868558
0.997505009 0.042564411 0.056320433 0.005942122 -0.042501472 0.999093711 -0.002315342 0.001788338 -0.056367941 -0.000084136 0.998410046 0.009868558
0.997505009 0.042564411 0.056320433 0.005942122 -0.042501472 0.999093711 -0.002315342 0.001788338 -0.056367941 -0.000084136 0.998410046 0.009868558
0.997505009 0.042564411 0.056320433 0.005942122 -0.042501472 0.999093711 -0.002315342 0.001788338 -0.056367941 -0.000084136 0.998410046 0.009868558
0.997505009 0.042564411 0.056320433 0.005942122 -0.042501472 0.999093711 -0.002315342 0.001788338 -0.056367941 -0.000084136 0.998410046 0.009868558
0.997505009 0.042564411 0.056320433 0.005942122 -0.042501472 0.999093711 -0.002315342 0.001788338 -0.056367941 -0.000084136 0.998410046 0.009868558
1.000000000 0.000000000 0.000000000 0.000000000 0.000000000 1.000000000 0.000000000 0.000000000 0.000000000 0.000000000 1.000000000 0.000000000
0.999972582 -0.007301302 -0.001221838 0.000629202 0.007276291 0.999786198 -0.019356053 0.003117965 0.001362901 0.019346632 0.999811888 -0.000052582
0.999881208 -0.010318488 -0.011449170 0.000032930 0.010181909 0.999877095 -0.011923971 -0.000753277 0.011570800 0.011805980 0.999863386 -0.001198022
0.999881208 -0.010318488 -0.011449170 0.000032930 0.010181909 0.999877095 -0.011923971 -0.000753277 0.011570800 0.011805980 0.999863386 -0.001198022
0.999881208 -0.010318488 -0.011449170 0.000032930 0.010181909 0.999877095 -0.011923971 -0.000753277 0.011570800 0.011805980 0.999863386 -0.001198022
0.999881208 -0.010318488 -0.011449170 0.000032930 0.010181909 0.999877095 -0.011923971 -0.000753277 0.011570800 0.011805980 0.999863386 -0.001198022
0.999881208 -0.010318488 -0.011449170 0.000032930 0.010181909 0.999877095 -0.011923971 -0.000753277 0.011570800 0.011805980 0.999863386 -0.001198022
0.999881208 -0.010318488 -0.011449170 0.000032930 0.010181909 0.999877095 -0.011923971 -0.000753277 0.011570800 0.011805980 0.999863386 -0.001198022
0.999881208 -0.010318488 -0.011449170 0.000032930 0.010181909 0.999877095 -0.011923971 -0.000753277 0.011570800 0.011805980 0.999863386 -0.001198022
0.999881208 -0.010318488 -0.011449170 0.000032930 0.010181909 0.999877095 -0.011923971 -0.000753277 0.011570800 0.011805980 0.999863386 -0.001198022
0.999881208 -0.010318488 -0.011449170 0.000032930 0.010181909 0.999877095 -0.011923971 -0.000753277 0.011570800 0.011805980 0.999863386 -0.001198022
0.999881208 -0.010318488 -0.011449170 0.000032930 0.010181909 0.999877095 -0.011923971 -0.000753277 0.011570800 0.011805980 0.999863386 -0.001198022
0.999881208 -0.010318488 -0.011449170 0.000032930 0.010181909 0.999877095 -0.011923971 -0.000753277 0.011570800 0.011805980 0.999863386 -0.001198022
0.999881208 -0.010318488 -0.011449170 0.000032930 0.010181909 0.999877095 -0.011923971 -0.000753277 0.011570800 0.011805980 0.999863386 -0.001198022
0.999881208 -0.010318488 -0.011449170 0.000032930 0.010181909 0.999877095 -0.011923971 -0.000753277 0.011570800 0.011805980 0.999863386 -0.001198022
0.999881208 -0.010318488 -0.011449170 0.000032930 0.010181909 0.999877095 -0.011923971 -0.000753277 0.011570800 0.011805980 0.999863386 -0.001198022
0.999881208 -0.010318488 -0.011449170 0.000032930 0.010181909 0.999877095 -0.011923971 -0.000753277 0.011570800 0.011805980 0.999863386 -0.001198022
0.999881208 -0.010318488 -0.011449170 0.000032930 0.010181909 0.999877095 -0.011923971 -0.000753277 0.011570800 0.011805980 0.999863386 -0.001198022
0.999881208 -0.010318488 -0.011449170 0.000032930 0.010181909 0.999877095 -0.011923971 -0.000753277 0.011570800 0.011805980 0.999863386 -0.001198022
0.999881208 -0.010318488 -0.011449170 0.000032930 0.010181909 0.999877095 -0.011923971 -0.000753277 0.011570800 0.011805980 0.999863386 -0.001198022
0.999881208 -0.010318488 -0.011449170 0.000032930 0.010181909 0.999877095 -0.011923971 -0.000753277 0.011570800 0.011805980 0.999863386 -0.001198022
0.999881208 -0.010318488 -0.011449170 0.000032930 0.010181909 0.999877095 -0.011923971 -0.000753277 0.011570800 0.011805980 0.999863386 -0.001198022
0.999881208 -0.010318488 -0.011449170 0.000032930 0.010181909 0.999877095 -0.011923971 -0.000753277 0.011570800 0.011805980 0.999863386 -0.001198022
0.999881208 -0.010318488 -0.011449170 0.000032930 0.010181909 0.999877095 -0.011923971 -0.000753277 0.011570800 0.011805980 0.999863386 -0.001198022
0.999881208 -0.010318488 -0.011449170 0.000032930 0.010181909 0.999877095 -0.011923971 -0.000753277 0.011570800 0.011805980 0.999863386 -0.001198022
0.999881208 -0.010318488 -0.011449170 0.000032930 0.010181909 0.999877095 -0.011923971 -0.000753277 0.011570800 0.011805980 0.999863386 -0.001198022
0.999881208 -0.010318488 -0.011449170 0.000032930 0.010181909 0.999877095 -0.011923971 -0.000753277 0.011570800 0.011805980 0.999863386 -0.001198022
0.999881208 -0.010318488 -0.011449170 0.000032930 0.010181909 0.999877095 -0.011923971 -0.000753277 0.011570800 0.011805980 0.999863386 -0.001198022
0.999881208 -0.010318488 -0.011449170 0.000032930 0.010181909 0.999877095 -0.011923971 -0.000753277 0.011570800 0.011805980 0.999863386 -0.001198022
0.999881208 -0.010318488 -0.011449170 0.000032930 0.010181909 0.999877095 -0.011923971 -0.000753277 0.011570800 0.011805980 0.999863386 -0.001198022
0.999881208 -0.010318488 -0.011449170 0.000032930 0.010181909 0.999877095 -0.011923971 -0.000753277 0.011570800 0.011805980 0.999863386 -0.001198022
0.999881208 -0.010318488 -0.011449170 0.000032930 0.010181909 0.999877095 -0.011923971 -0.000753277 0.011570800 0.011805980 0.999863386 -0.001198022
0.999881208 -0.010318488 -0.011449170 0.000032930 0.010181909 0.999877095 -0.011923971 -0.000753277 0.011570800 0.011805980 0.999863386 -0.001198022
0.999881208 -0.010318488 -0.011449170 0.000032930 0.010181909 0.999877095 -0.011923971 -0.000753277 0.011570800 0.011805980 0.999863386 -0.001198022
0.999881208 -0.010318488 -0.011449170 0.000032930 0.010181909 0.999877095 -0.011923971 -0.000753277 0.011570800 0.011805980 0.999863386 -0.001198022
0.999881208 -0.010318488 -0.011449170 0.000032930 0.010181909 0.999877095 -0.011923971 -0.000753277 0.011570800 0.011805980 0.999863386 -0.001198022
0.999881208 -0.010318488 -0.011449170 0.000032930 0.010181909 0.999877095 -0.011923971 -0.000753277 0.011570800 0.011805980 0.999863386 -0.001198022
0.999881208 -0.010318488 -0.011449170 0.000032930 0.010181909 0.999877095 -0.011923971 -0.000753277 0.011570800 0.011805980 0.999863386 -0.001198022
0.999881208 -0.010318488 -0.011449170 0.000032930 0.010181909 0.999877095 -0.011923971 -0.000753277 0.011570800 0.011805980 0.999863386 -0.001198022
0.999881208 -0.010318488 -0.011449170 0.000032930 0.010181909 0.999877095 -0.011923971 -0.000753277 0.011570800 0.011805980 0.999863386 -0.001198022
0.999881208 -0.010318488 -0.011449170 0.000032930 0.010181909 0.999877095 -0.011923971 -0.000753277 0.011570800 0.011805980 0.999863386 -0.001198022
0.999881208 -0.010318488 -0.011449170 0.000032930 0.010181909 0.999877095 -0.011923971 -0.000753277 0.011570800 0.011805980 0.999863386 -0.001198022
0.999881208 -0.010318488 -0.011449170 0.000032930 0.010181909 0.999877095 -0.011923971 -0.000753277 0.011570800 0.011805980 0.999863386 -0.001198022
0.999881208 -0.010318488 -0.011449170 0.000032930 0.010181909 0.999877095 -0.011923971 -0.000753277 0.011570800 0.011805980 0.999863386 -0.001198022
0.999881208 -0.010318488 -0.011449170 0.000032930 0.010181909 0.999877095 -0.011923971 -0.000753277 0.011570800 0.011805980 0.999863386 -0.001198022
0.999881208 -0.010318488 -0.011449170 0.000032930 0.010181909 0.999877095 -0.011923971 -0.000753277 0.011570800 0.011805980 0.999863386 -0.001198022
1.000000000 0.000000000 0.000000000 0.000000000 0.000000000 1.000000000 0.000000000 0.000000000 0.000000000 0.000000000 1.000000000 0.000000000
0.999987900 0.003208759 -0.003728783 0.000512491 -0.003229029 0.999979973 -0.005442849 0.001705052 0.003711244 0.005454823 0.999978244 -0.001908196
0.999998331 -0.000364363 -0.001775191 0.000164601 0.000365378 0.999999762 0.000571103 -0.000195156 0.001774983 -0.000571750 0.999998271 -0.000598777
1.000000000 0.000000000 0.000000000 0.000000000 0.000000000 1.000000000 0.000000000 0.000000000 0.000000000 0.000000000 1.000000000 0.000000000
1.000000000 0.000000000 0.000000000 0.000000000 0.000000000 1.000000000 0.000000000 0.000000000 0.000000000 0.000000000 1.000000000 0.000000000
1.000000000 0.000000000 0.000000000 0.000000000 0.000000000 1.000000000 0.000000000 0.000000000 0.000000000 0.000000000 1.000000000 0.000000000
1.000000000 0.000000000 0.000000000 0.000000000 0.000000000 1.000000000 0.000000000 0.000000000 0.000000000 0.000000000 1.000000000 0.000000000
1.000000000 0.000000000 0.000000000 0.000000000 0.000000000 1.000000000 0.000000000 0.000000000 0.000000000 0.000000000 1.000000000 0.000000000
0.999903619 -0.008297740 0.011132745 0.000886361 0.008210992 0.999935746 0.007815288 0.003198360 -0.011196879 -0.007723124 0.999907494 0.000713571
0.999617994 0.011662548 0.025056131 -0.000449003 -0.012510356 0.999345243 0.033950400 -0.000727042 -0.024643775 -0.034250893 0.999109387 -0.000407940
0.999617994 0.011662548 0.025056131 -0.000449003 -0.012510356 0.999345243 0.033950400 -0.000727042 -0.024643775 -0.034250893 0.999109387 -0.000407940
0.999617994 0.011662548 0.025056131 -0.000449003 -0.012510356 0.999345243 0.033950400 -0.000727042 -0.024643775 -0.034250893 0.999109387 -0.000407940
0.999617994 0.011662548 0.025056131 -0.000449003 -0.012510356 0.999345243 0.033950400 -0.000727042 -0.024643775 -0.034250893 0.999109387 -0.000407940
0.999617994 0.011662548 0.025056131 -0.000449003 -0.012510356 0.999345243 0.033950400 -0.000727042 -0.024643775 -0.034250893 0.999109387 -0.000407940
0.999617994 0.011662548 0.025056131 -0.000449003 -0.012510356 0.999345243 0.033950400 -0.000727042 -0.024643775 -0.034250893 0.999109387 -0.000407940
0.999617994 0.011662548 0.025056131 -0.000449003 -0.012510356 0.999345243 0.033950400 -0.000727042 -0.024643775 -0.034250893 0.999109387 -0.000407940
0.999617994 0.011662548 0.025056131 -0.000449003 -0.012510356 0.999345243 0.033950400 -0.000727042 -0.024643775 -0.034250893 0.999109387 -0.000407940
0.999617994 0.011662548 0.025056131 -0.000449003 -0.012510356 0.999345243 0.033950400 -0.000727042 -0.024643775 -0.034250893 0.999109387 -0.000407940
0.999617994 0.011662548 0.025056131 -0.000449003 -0.012510356 0.999345243 0.033950400 -0.000727042 -0.024643775 -0.034250893 0.999109387 -0.000407940
0.999617994 0.011662548 0.025056131 -0.000449003 -0.012510356 0.999345243 0.033950400 -0.000727042 -0.024643775 -0.034250893 0.999109387 -0.000407940
0.999617994 0.011662548 0.025056131 -0.000449003 -0.012510356 0.999345243 0.033950400 -0.000727042 -0.024643775 -0.034250893 0.999109387 -0.000407940
0.999617994 0.011662548 0.025056131 -0.000449003 -0.012510356 0.999345243 0.033950400 -0.000727042 -0.024643775 -0.034250893 0.999109387 -0.000407940
0.999617994 0.011662548 0.025056131 -0.000449003 -0.012510356 0.999345243 0.033950400 -0.000727042 -0.024643775 -0.034250893 0.999109387 -0.000407940
0.999617994 0.011662548 0.025056131 -0.000449003 -0.012510356 0.999345243 0.033950400 -0.000727042 -0.024643775 -0.034250893 0.999109387 -0.000407940
0.999617994 0.011662548 0.025056131 -0.000449003 -0.012510356 0.999345243 0.033950400 -0.000727042 -0.024643775 -0.034250893 0.999109387 -0.000407940
0.999617994 0.011662548 0.025056131 -0.000449003 -0.012510356 0.999345243 0.033950400 -0.000727042 -0.024643775 -0.034250893 0.999109387 -0.000407940
0.999617994 0.011662548 0.025056131 -0.000449003 -0.012510356 0.999345243 0.033950400 -0.000727042 -0.024643775 -0.034250893 0.999109387 -0.000407940
0.999617994 0.011662548 0.025056131 -0.000449003 -0.012510356 0.999345243 0.033950400 -0.000727042 -0.024643775 -0.034250893 0.999109387 -0.000407940
0.999617994 0.011662548 0.025056131 -0.000449003 -0.012510356 0.999345243 0.033950400 -0.000727042 -0.024643775 -0.034250893 0.999109387 -0.000407940
0.999617994 0.011662548 0.025056131 -0.000449003 -0.012510356 0.999345243 0.033950400 -0.000727042 -0.024643775 -0.034250893 0.999109387 -0.000407940
0.999617994 0.011662548 0.025056131 -0.000449003 -0.012510356 0.999345243 0.033950400 -0.000727042 -0.024643775 -0.034250893 0.999109387 -0.000407940
0.999617994 0.011662548 0.025056131 -0.000449003 -0.012510356 0.999345243 0.033950400 -0.000727042 -0.024643775 -0.034250893 0.999109387 -0.000407940
0.999617994 0.011662548 0.025056131 -0.000449003 -0.012510356 0.999345243 0.033950400 -0.000727042 -0.024643775 -0.034250893 0.999109387 -0.000407940
0.999617994 0.011662548 0.025056131 -0.000449003 -0.012510356 0.999345243 0.033950400 -0.000727042 -0.024643775 -0.034250893 0.999109387 -0.000407940
0.999617994 0.011662548 0.025056131 -0.000449003 -0.012510356 0.999345243 0.033950400 -0.000727042 -0.024643775 -0.034250893 0.999109387 -0.000407940
0.999617994 0.011662548 0.025056131 -0.000449003 -0.012510356 0.999345243 0.033950400 -0.000727042 -0.024643775 -0.034250893 0.999109387 -0.000407940
0.999617994 0.011662548 0.025056131 -0.000449003 -0.012510356 0.999345243 0.033950400 -0.000727042 -0.024643775 -0.034250893 0.999109387 -0.000407940
0.999617994 0.011662548 0.025056131 -0.000449003 -0.012510356 0.999345243 0.033950400 -0.000727042 -0.024643775 -0.034250893 0.999109387 -0.000407940
0.999617994 0.011662548 0.025056131 -0.000449003 -0.012510356 0.999345243 0.033950400 -0.000727042 -0.024643775 -0.034250893 0.999109387 -0.000407940
0.999617994 0.011662548 0.025056131 -0.000449003 -0.012510356 0.999345243 0.033950400 -0.000727042 -0.024643775 -0.034250893 0.999109387 -0.000407940
0.999617994 0.011662548 0.025056131 -0.000449003 -0.012510356 0.999345243 0.033950400 -0.000727042 -0.024643775 -0.034250893 0.999109387 -0.000407940
0.992214441 -0.124071889 -0.010799100 0.006587235 0.121319808 0.982504606 -0.141301930 0.019633548 0.028141761 0.138891682 0.989907622 -0.040752150
0.992214441 -0.124071889 -0.010799100 0.006587235 0.121319808 0.982504606 -0.141301930 0.019633548 0.028141761 0.138891682 0.989907622 -0.040752150
0.992214441 -0.124071889 -0.010799100 0.006587235 0.121319808 0.982504606 -0.141301930 0.019633548 0.028141761 0.138891682 0.989907622 -0.040752150
0.992214441 -0.124071889 -0.010799100 0.006587235 0.121319808 0.982504606 -0.141301930 0.019633548 0.028141761 0.138891682 0.989907622 -0.040752150
0.992214441 -0.124071889 -0.010799100 0.006587235 0.121319808 0.982504606 -0.141301930 0.019633548 0.028141761 0.138891682 0.989907622 -0.040752150
0.992214441 -0.124071889 -0.010799100 0.006587235 0.121319808 0.982504606 -0.141301930 0.019633548 0.028141761 0.138891682 0.989907622 -0.040752150
0.992214441 -0.124071889 -0.010799100 0.006587235 0.121319808 0.982504606 -0.141301930 0.019633548 0.028141761 0.138891682 0.989907622 -0.040752150
0.992214441 -0.124071889 -0.010799100 0.006587235 0.121319808 0.982504606 -0.141301930 0.019633548 0.028141761 0.138891682 0.989907622 -0.040752150
0.992214441 -0.124071889 -0.010799100 0.006587235 0.121319808 0.982504606 -0.141301930 0.019633548 0.028141761 0.138891682 0.989907622 -0.040752150
0.992214441 -0.124071889 -0.010799100 0.006587235 0.121319808 0.982504606 -0.141301930 0.019633548 0.028141761 0.138891682 0.989907622 -0.040752150
0.992214441 -0.124071889 -0.010799100 0.006587235 0.121319808 0.982504606 -0.141301930 0.019633548 0.028141761 0.138891682 0.989907622 -0.040752150
0.992214441 -0.124071889 -0.010799100 0.006587235 0.121319808 0.982504606 -0.141301930 0.019633548 0.028141761 0.138891682 0.989907622 -0.040752150
1.000000000 0.000000000 0.000000000 0.000000000 0.000000000 1.000000000 0.000000000 0.000000000 0.000000000 0.000000000 1.000000000 0.000000000
0.999857783 0.010384919 0.013288426 -0.000021258 -0.010407320 0.999944508 0.001617745 -0.000140080 -0.013270888 -0.001755812 0.999910414 0.000240120
0.999695122 0.012117528 0.021514710 0.003211855 -0.012008176 0.999914348 -0.005204606 0.003171480 -0.021575933 0.004944667 0.999754965 0.003665877
0.998089373 0.024216902 0.056842662 0.000272887 -0.025339711 0.999496102 0.019115897 -0.000547459 -0.056351092 -0.020519750 0.998200119 -0.000024070
0.999501526 -0.025103688 -0.019144809 0.029867066 0.027301503 0.991801262 0.124839336 -0.021449007 0.015853917 -0.125299782 0.991992235 0.000479835
0.999501526 -0.025103688 -0.019144809 0.029867066 0.027301503 0.991801262 0.124839336 -0.021449007 0.015853917 -0.125299782 0.991992235 0.000479835
0.999501526 -0.025103688 -0.019144809 0.029867066 0.027301503 0.991801262 0.124839336 -0.021449007 0.015853917 -0.125299782 0.991992235 0.000479835
0.999501526 -0.025103688 -0.019144809 0.029867066 0.027301503 0.991801262 0.124839336 -0.021449007 0.015853917 -0.125299782 0.991992235 0.000479835
0.999501526 -0.025103688 -0.019144809 0.029867066 0.027301503 0.991801262 0.124839336 -0.021449007 0.015853917 -0.125299782 0.991992235 0.000479835
0.999501526 -0.025103688 -0.019144809 0.029867066 0.027301503 0.991801262 0.124839336 -0.021449007 0.015853917 -0.125299782 0.991992235 0.000479835
0.999501526 -0.025103688 -0.019144809 0.029867066 0.027301503 0.991801262 0.124839336 -0.021449007 0.015853917 -0.125299782 0.991992235 0.000479835
0.999501526 -0.025103688 -0.019144809 0.029867066 0.027301503 0.991801262 0.124839336 -0.021449007 0.015853917 -0.125299782 0.991992235 0.000479835
0.999501526 -0.025103688 -0.019144809 0.029867066 0.027301503 0.991801262 0.124839336 -0.021449007 0.015853917 -0.125299782 0.991992235 0.000479835
0.999501526 -0.025103688 -0.019144809 0.029867066 0.027301503 0.991801262 0.124839336 -0.021449007 0.015853917 -0.125299782 0.991992235 0.000479835
0.999501526 -0.025103688 -0.019144809 0.029867066 0.027301503 0.991801262 0.124839336 -0.021449007 0.015853917 -0.125299782 0.991992235 0.000479835
0.999501526 -0.025103688 -0.019144809 0.029867066 0.027301503 0.991801262 0.124839336 -0.021449007 0.015853917 -0.125299782 0.991992235 0.000479835
0.999501526 -0.025103688 -0.019144809 0.029867066 0.027301503 0.991801262 0.124839336 -0.021449007 0.015853917 -0.125299782 0.991992235 0.000479835
0.999501526 -0.025103688 -0.019144809 0.029867066 0.027301503 0.991801262 0.124839336 -0.021449007 0.015853917 -0.125299782 0.991992235 0.000479835
0.999501526 -0.025103688 -0.019144809 0.029867066 0.027301503 0.991801262 0.124839336 -0.021449007 0.015853917 -0.125299782 0.991992235 0.000479835
0.999501526 -0.025103688 -0.019144809 0.029867066 0.027301503 0.991801262 0.124839336 -0.021449007 0.015853917 -0.125299782 0.991992235 0.000479835
0.999501526 -0.025103688 -0.019144809 0.029867066 0.027301503 0.991801262 0.124839336 -0.021449007 0.015853917 -0.125299782 0.991992235 0.000479835
0.999501526 -0.025103688 -0.019144809 0.029867066 0.027301503 0.991801262 0.124839336 -0.021449007 0.015853917 -0.125299782 0.991992235 0.000479835
0.999501526 -0.025103688 -0.019144809 0.029867066 0.027301503 0.991801262 0.124839336 -0.021449007 0.015853917 -0.125299782 0.991992235 0.000479835
0.999501526 -0.025103688 -0.019144809 0.029867066 0.027301503 0.991801262 0.124839336 -0.021449007 0.015853917 -0.125299782 0.991992235 0.000479835
0.999501526 -0.025103688 -0.019144809 0.029867066 0.027301503 0.991801262 0.124839336 -0.021449007 0.015853917 -0.125299782 0.991992235 0.000479835
0.999501526 -0.025103688 -0.019144809 0.029867066 0.027301503 0.991801262 0.124839336 -0.021449007 0.015853917 -0.125299782 0.991992235 0.000479835
0.999501526 -0.025103688 -0.019144809 0.029867066 0.027301503 0.991801262 0.124839336 -0.021449007 0.015853917 -0.125299782 0.991992235 0.000479835
0.999861062 0.004643597 0.016007356 0.004231365 -0.005262733 0.999230981 0.038855635 0.004139449 -0.015814615 -0.038934480 0.999116600 -0.002790457
0.997621834 -0.068893015 0.002105863 0.000292644 0.068801336 0.997195065 0.029468874 0.000549926 -0.004130155 -0.029253906 0.999563456 -0.007466444
0.997621834 -0.068893015 0.002105863 0.000292644 0.068801336 0.997195065 0.029468874 0.000549926 -0.004130155 -0.029253906 0.999563456 -0.007466444
0.993158221 -0.094011307 -0.069272049 0.005595853 0.095395595 0.995295167 0.016946528 -0.000374550 0.067352973 -0.023438832 0.997453868 -0.031427227
0.989490092 -0.106796600 -0.097487874 0.009483596 0.114083201 0.990822375 0.072498575 -0.017182408 0.088850573 -0.082858346 0.992592573 -0.028637698
0.989490092 -0.106796600 -0.097487874 0.009483596 0.114083201 0.990822375 0.072498575 -0.017182408 0.088850573 -0.082858346 0.992592573 -0.028637698
0.989490092 -0.106796600 -0.097487874 0.009483596 0.114083201 0.990822375 0.072498575 -0.017182408 0.088850573 -0.082858346 0.992592573 -0.028637698
0.989490092 -0.106796600 -0.097487874 0.009483596 0.114083201 0.990822375 0.072498575 -0.017182408 0.088850573 -0.082858346 0.992592573 -0.028637698
0.989490092 -0.106796600 -0.097487874 0.009483596 0.114083201 0.990822375 0.072498575 -0.017182408 0.088850573 -0.082858346 0.992592573 -0.028637698
0.989490092 -0.106796600 -0.097487874 0.009483596 0.114083201 0.990822375 0.072498575 -0.017182408 0.088850573 -0.082858346 0.992592573 -0.028637698
0.989490092 -0.106796600 -0.097487874 0.009483596 0.114083201 0.990822375 0.072498575 -0.017182408 0.088850573 -0.082858346 0.992592573 -0.028637698
0.989490092 -0.106796600 -0.097487874 0.009483596 0.114083201 0.990822375 0.072498575 -0.017182408 0.088850573 -0.082858346 0.992592573 -0.028637698
0.989490092 -0.106796600 -0.097487874 0.009483596 0.114083201 0.990822375 0.072498575 -0.017182408 0.088850573 -0.082858346 0.992592573 -0.028637698
0.989490092 -0.106796600 -0.097487874 0.009483596 0.114083201 0.990822375 0.072498575 -0.017182408 0.088850573 -0.082858346 0.992592573 -0.028637698
0.989490092 -0.106796600 -0.097487874 0.009483596 0.114083201 0.990822375 0.072498575 -0.017182408 0.088850573 -0.082858346 0.992592573 -0.028637698
0.989490092 -0.106796600 -0.097487874 0.009483596 0.114083201 0.990822375 0.072498575 -0.017182408 0.088850573 -0.082858346 0.992592573 -0.028637698
0.989490092 -0.106796600 -0.097487874 0.009483596 0.114083201 0.990822375 0.072498575 -0.017182408 0.088850573 -0.082858346 0.992592573 -0.028637698
0.994370699 0.023019580 -0.103426367 0.001244965 -0.005782145 0.986449599 0.163962632 -0.014805396 0.105799250 -0.162441611 0.981029689 -0.017978273
0.994370699 0.023019580 -0.103426367 0.001244965 -0.005782145 0.986449599 0.163962632 -0.014805396 0.105799250 -0.162441611 0.981029689 -0.017978273
1.000000000 0.000000000 0.000000000 0.000000000 0.000000000 1.000000000 0.000000000 0.000000000 0.000000000 0.000000000 1.000000000 0.000000000
0.999999523 0.000587847 0.000774746 0.000043397 -0.000594154 0.999966502 0.008164891 -0.000740379 -0.000769921 -0.008165347 0.999966383 0.001627048
0.999986827 0.005003883 0.001160588 0.000416466 -0.005002893 0.999987125 -0.000854195 -0.001110127 -0.001164847 0.000848378 0.999998987 0.000152051
0.999967635 0.007134814 0.003714720 0.000060140 -0.007125168 0.999971211 -0.002603711 -0.000321624 -0.003733190 0.002577159 0.999989688 0.000499249
0.999959111 0.007833771 0.004518493 -0.000235287 -0.007832497 0.999969304 -0.000299547 -0.001022743 -0.004520701 0.000264144 0.999989748 -0.001578293
0.999940217 0.008919647 0.006322011 0.001360723 -0.008912575 0.999959648 -0.001145808 -0.001553842 -0.006331976 0.001089395 0.999979377 0.000769123
0.999857306 0.013596264 0.010022956 0.001017289 -0.013610343 0.999906480 0.001337812 -0.001811835 -0.010003829 -0.001474037 0.999948859 -0.001773347
0.999913871 0.006079066 0.011629975 0.000580829 -0.006136947 0.999968946 0.004947758 -0.000224135 -0.011599536 -0.005018705 0.999920130 0.002202422
0.996443093 -0.048588268 0.068850257 -0.020133235 0.051476598 0.997839749 -0.040815994 0.011854700 -0.066718347 0.044214994 0.996791720 0.032201204
0.999912977 0.007753923 0.010673323 0.000676326 -0.007734234 0.999968290 -0.001884647 0.001076765 -0.010687598 0.001801933 0.999941289 -0.000535919
0.999936461 0.007903841 0.008037112 0.000712675 -0.007955707 0.999947608 0.006441871 -0.000905743 -0.007985774 -0.006505403 0.999946952 0.004163597
0.999978065 0.004155829 0.005154671 0.000256576 -0.004175752 0.999983847 0.003860411 -0.000326716 -0.005138544 -0.003881851 0.999979258 0.001072139
0.999978065 0.004155829 0.005154671 0.000256576 -0.004175752 0.999983847 0.003860411 -0.000326716 -0.005138544 -0.003881851 0.999979258 0.001072139
0.999535024 0.016648931 0.025544330 0.006243696 -0.017183095 0.999635220 0.020836219 -0.003838809 -0.025188111 -0.021265462 0.999456525 0.008442847
0.997916996 0.049372233 0.041521605 0.006050867 -0.049590155 0.998760700 0.004234287 0.003291717 -0.041261088 -0.006284530 0.999128640 0.024706302
0.995175302 0.011881403 0.097390831 -0.004734650 -0.009499118 0.999645114 -0.024888363 0.009546462 -0.097651981 0.023843156 0.994934976 0.008933892
0.995175302 0.011881403 0.097390831 -0.004734650 -0.009499118 0.999645114 -0.024888363 0.009546462 -0.097651981 0.023843156 0.994934976 0.008933892
0.995175302 0.011881403 0.097390831 -0.004734650 -0.009499118 0.999645114 -0.024888363 0.009546462 -0.097651981 0.023843156 0.994934976 0.008933892
0.995175302 0.011881403 0.097390831 -0.004734650 -0.009499118 0.999645114 -0.024888363 0.009546462 -0.097651981 0.023843156 0.994934976 0.008933892
0.995175302 0.011881403 0.097390831 -0.004734650 -0.009499118 0.999645114 -0.024888363 0.009546462 -0.097651981 0.023843156 0.994934976 0.008933892
0.995175302 0.011881403 0.097390831 -0.004734650 -0.009499118 0.999645114 -0.024888363 0.009546462 -0.097651981 0.023843156 0.994934976 0.008933892
0.995175302 0.011881403 0.097390831 -0.004734650 -0.009499118 0.999645114 -0.024888363 0.009546462 -0.097651981 0.023843156 0.994934976 0.008933892
0.995175302 0.011881403 0.097390831 -0.004734650 -0.009499118 0.999645114 -0.024888363 0.009546462 -0.097651981 0.023843156 0.994934976 0.008933892
0.995175302 0.011881403 0.097390831 -0.004734650 -0.009499118 0.999645114 -0.024888363 0.009546462 -0.097651981 0.023843156 0.994934976 0.008933892
0.995175302 0.011881403 0.097390831 -0.004734650 -0.009499118 0.999645114 -0.024888363 0.009546462 -0.097651981 0.023843156 0.994934976 0.008933892
0.995175302 0.011881403 0.097390831 -0.004734650 -0.009499118 0.999645114 -0.024888363 0.009546462 -0.097651981 0.023843156 0.994934976 0.008933892
0.995175302 0.011881403 0.097390831 -0.004734650 -0.009499118 0.999645114 -0.024888363 0.009546462 -0.097651981 0.023843156 0.994934976 0.008933892
0.995175302 0.011881403 0.097390831 -0.004734650 -0.009499118 0.999645114 -0.024888363 0.009546462 -0.097651981 0.023843156 0.994934976 0.008933892
0.995175302 0.011881403 0.097390831 -0.004734650 -0.009499118 0.999645114 -0.024888363 0.009546462 -0.097651981 0.023843156 0.994934976 0.008933892
0.995175302 0.011881403 0.097390831 -0.004734650 -0.009499118 0.999645114 -0.024888363 0.009546462 -0.097651981 0.023843156 0.994934976 0.008933892
0.995175302 0.011881403 0.097390831 -0.004734650 -0.009499118 0.999645114 -0.024888363 0.009546462 -0.097651981 0.023843156 0.994934976 0.008933892
0.995175302 0.011881403 0.097390831 -0.004734650 -0.009499118 0.999645114 -0.024888363 0.009546462 -0.097651981 0.023843156 0.994934976 0.008933892
0.995175302 0.011881403 0.097390831 -0.004734650 -0.009499118 0.999645114 -0.024888363 0.009546462 -0.097651981 0.023843156 0.994934976 0.008933892
0.995175302 0.011881403 0.097390831 -0.004734650 -0.009499118 0.999645114 -0.024888363 0.009546462 -0.097651981 0.023843156 0.994934976 0.008933892
0.995175302 0.011881403 0.097390831 -0.004734650 -0.009499118 0.999645114 -0.024888363 0.009546462 -0.097651981 0.023843156 0.994934976 0.008933892
0.995175302 0.011881403 0.097390831 -0.004734650 -0.009499118 0.999645114 -0.024888363 0.009546462 -0.097651981 0.023843156 0.994934976 0.008933892
0.995175302 0.011881403 0.097390831 -0.004734650 -0.009499118 0.999645114 -0.024888363 0.009546462 -0.097651981 0.023843156 0.994934976 0.008933892
0.995175302 0.011881403 0.097390831 -0.004734650 -0.009499118 0.999645114 -0.024888363 0.009546462 -0.097651981 0.023843156 0.994934976 0.008933892
0.995175302 0.011881403 0.097390831 -0.004734650 -0.009499118 0.999645114 -0.024888363 0.009546462 -0.097651981 0.023843156 0.994934976 0.008933892
0.995175302 0.011881403 0.097390831 -0.004734650 -0.009499118 0.999645114 -0.024888363 0.009546462 -0.097651981 0.023843156 0.994934976 0.008933892
