%YAML:1.0

#--------------------------------------------------------------------------------------------
# Camera Parameters. Adjust them!
#--------------------------------------------------------------------------------------------
Camera.type: "PinHole"

# Camera calibration and distortion parameters (OpenCV) (equal for both cameras after stereo rectification)
Camera.fx: 264.1407470703125
Camera.fy: 264.1407470703125
Camera.cx: 330.34979248046875
Camera.cy: 177.19480895996094

Camera.k1: 0.0
Camera.k2:  2.0307376384735107
Camera.p1: 0.16895855963230133
Camera.p2:  -0.00027899001725018024

Camera.width: 640
Camera.height: 380

# Camera frames per second 
Camera.fps: 15

# stereo baseline times fx
Camera.bf: 31.6968 #271.305 * 0.12

# Color order of the images (0: BGR, 1: RGB. It is ignored if images are grayscale)
Camera.RGB: 1

# Close/Far threshold. Baseline times.
ThDepth: 15.0 # 35

# Transformation from camera 0 to body-frame (imu)
Tbc: !!opencv-matrix
   rows: 4
   cols: 4
   dt: f
   data: [-0.000014, -0.0139993, 0.999902, 0.023,
           -0.999998, 0.0019999, 0.000014, 0.0, 
           -0.0019999, -0.9999, -0.0139993, -0.002,
             0.0, 0.0, 0.0, 1.0]


# IMU noise
IMU.NoiseGyro: 1.7e-04 # 1.6968e-04 
IMU.NoiseAcc: 2.0e-03 # 2.0000e-3
IMU.GyroWalk: 1.9393e-05 
IMU.AccWalk: 3.e-03 # 3.0000e-3
IMU.Frequency: 200

#--------------------------------------------------------------------------------------------
# Stereo Rectification. Only if you need to pre-rectify the images.
# Camera.fx, .fy, etc must be the same as in LEFT.P
#--------------------------------------------------------------------------------------------
LEFT.height: 380
LEFT.width: 640
LEFT.D: !!opencv-matrix
   rows: 1
   cols: 5
   dt: d
   data: [0.0, 0.0, 0.0, 0.0, 0.0]

LEFT.K: !!opencv-matrix
   rows: 3
   cols: 3
   dt: d
   data: [264.1407470703125, 0.0, 330.34979248046875, 0.0, 264.1407470703125, 177.19480895996094, 0.0, 0.0, 1.0]

LEFT.R:  !!opencv-matrix
   rows: 3
   cols: 3
   dt: d
   data: [1.0, 0.0, 0.0, 0.0, 1.0, 0.0, 0.0, 0.0, 1.0]
LEFT.Rf:  !!opencv-matrix
   rows: 3
   cols: 3
   dt: f
   data: [1.0, 0.0, 0.0, 0.0, 1.0, 0.0, 0.0, 0.0, 1.0]
LEFT.P:  !!opencv-matrix
   rows: 3
   cols: 4
   dt: d
   data: [264.1407470703125, 0.0, 330.34979248046875, 0.0, 0.0, 264.1407470703125, 177.19480895996094, 0.0, 0.0, 0.0, 1.0, 0.0]


RIGHT.height: 380
RIGHT.width: 640
RIGHT.D: !!opencv-matrix
   rows: 1
   cols: 5
   dt: d
   data: [0.0, 0.0, 0.0, 0.0, 0.0]
RIGHT.K: !!opencv-matrix
   rows: 3
   cols: 3
   dt: d
   data: [264.1407470703125, 0.0, 330.34979248046875, 0.0, 264.1407470703125, 177.19480895996094, 0.0, 0.0, 1.0]

RIGHT.R:  !!opencv-matrix
   rows: 3
   cols: 3
   dt: d
   data: [1.0, 0.0, 0.0, 0.0, 1.0, 0.0, 0.0, 0.0, 1.0]


RIGHT.P:  !!opencv-matrix
   rows: 3
   cols: 4
   dt: d
   data:  [264.1407470703125, 0.0, 330.34979248046875, 0.0, 264.1407470703125, 177.19480895996094, 0.0, 0.0, 1.0]


#--------------------------------------------------------------------------------------------
# ORB Parameters
#--------------------------------------------------------------------------------------------

# ORB Extractor: Number of features per image
ORBextractor.nFeatures: 1200

# ORB Extractor: Scale factor between levels in the scale pyramid 	
ORBextractor.scaleFactor: 1.2

# ORB Extractor: Number of levels in the scale pyramid	
ORBextractor.nLevels: 8

# ORB Extractor: Fast threshold
# Image is divided in a grid. At each cell FAST are extracted imposing a minimum response.
# Firstly we impose iniThFAST. If no corners are detected we impose a lower value minThFAST
# You can lower these values if your images have low contrast			
ORBextractor.iniThFAST: 20
ORBextractor.minThFAST: 7

#--------------------------------------------------------------------------------------------
# Viewer Parameters
#--------------------------------------------------------------------------------------------
Viewer.KeyFrameSize: 0.05
Viewer.KeyFrameLineWidth: 1
Viewer.GraphLineWidth: 0.9
Viewer.PointSize: 2
Viewer.CameraSize: 0.08
Viewer.CameraLineWidth: 3
Viewer.ViewpointX: 0
Viewer.ViewpointY: -0.7
Viewer.ViewpointZ: -1.8
Viewer.ViewpointF: 500

# System.LoadAtlasFromFile: "ZED2_stereo"
System.SaveAtlasToFile: "ZED2_stereo"
